-101.915009  1.702412  11.990000
-110.204063  1.208314  10.900745
-101.915009  1.702412  6.350000
-110.204063  1.208314  6.350000
-101.913200  1.622434  6.349806
-110.167915  -0.392216  6.342241
-101.878853  0.101883  6.342241
-110.167915  -0.392216  10.892987
-101.913200  1.622433  11.989613
-101.878853  0.101883  11.982242
-100.976898  -39.828323  42.719002
-102.713371  -39.677437  42.719002
-100.976898  -39.828323  38.569000
-102.713371  -39.677437  38.569000
-102.862579  -33.071869  42.719002
-102.862579  -33.071869  38.569000
-101.365417  -22.628084  -2.109014
-100.898125  -43.315525  -2.109014
-95.207397  -40.520988  40.745399
-87.286385  -35.269753  44.150002
-87.286385  -35.269753  40.331299
-95.083511  -40.439037  44.157001
-95.432030  -44.450031  44.157001
-87.711830  1.277577  38.920296
-86.792557  -39.418999  40.500000
-88.113945  1.366500  38.919998
-87.777542  -13.526129  44.148998
-88.117393  1.519359  44.150002
-92.245872  2.271016  38.599953
-95.613876  2.078013  6.350000
-91.683388  2.308018  44.150002
-101.817802  1.628827  6.702321
-101.168327  -13.628554  44.932648
-101.168327  -13.628554  46.000000
-95.225136  -13.494308  46.000000
-100.725983  -33.223648  44.399540
-100.721184  -33.423592  46.000000
-100.721184  -33.423592  44.399540
-94.778000  -33.289345  44.148998
-94.778000  -33.289345  45.349998
-96.759064  -33.334095  45.566666
-98.740128  -33.378845  45.783333
-97.749596  -33.356468  46.000000
-94.778000  -33.289345  46.000000
-93.222488  -33.064983  44.148998
-93.740990  -33.139771  44.549332
-94.259499  -33.214558  44.949665
-94.000244  -33.177166  45.349998
-93.222488  -33.064983  45.349998
-100.924812  -42.134003  44.157001
-101.125877  -33.232681  44.399540
-91.675186  -13.918255  45.345112
-91.615013  -14.118670  45.348370
-95.229370  -13.484738  44.932911
-91.715836  -13.415038  45.349998
-91.593346  -13.545638  45.349998
-91.532097  -13.610939  45.349998
-91.654587  -13.480338  45.349998
-101.913200  1.622433  45.347824
-91.514687  -13.410494  45.349998
-92.602081  -2.965824  45.349998
-92.058388  -8.188159  45.349998
-91.749352  2.357504  45.349998
-101.391785  -9.053258  45.057201
-88.118187  1.554403  45.348999
-90.080482  1.988416  45.349998
-89.246048  1.803872  45.349998
-89.157249  -0.344641  45.349998
-88.845161  -13.550245  45.349998
-88.077461  -13.532904  45.349998
-91.532097  -13.610939  44.148998
-98.198845  -13.556646  44.932781
-87.777924  -13.518277  45.348999
-101.817810  1.629333  6.708766
-101.817810  1.629332  11.989635
-88.186821  4.593065  38.570000
-88.186821  4.593065  44.150002
-92.087196  4.504961  38.570000
-91.497528  4.518281  44.150002
-101.817810  1.629333  6.349722
-87.690331  0.325632  6.350000
-88.113708  1.356242  38.569332
-86.792557  -39.418999  10.428323
-87.200745  -21.348452  7.725000
-95.560715  -44.528839  40.500000
-96.175964  -44.887390  23.424999
-100.850395  -43.329521  12.007688
-100.826019  -43.359276  11.469948
-100.814362  -43.350533  11.847147
-100.820320  -43.349197  11.814661
-100.817345  -43.349865  11.830904
-100.893593  -43.516171  6.350000
-100.896713  -43.377953  10.130700
-87.690331  0.325632  -2.109014
-87.200745  -21.348452  -2.109014
-96.791214  -45.245937  -2.109014
-100.893593  -43.516171  -2.109014
-101.913200  1.622433  -2.109014
-95.613876  2.078013  -2.109014
-101.130394  -33.032734  42.719002
-101.130394  -33.032734  38.569000
-101.069382  -35.734024  42.719002
-101.115623  -33.686874  42.719002
-101.033592  -37.318401  38.569000
-101.656563  -9.739147  13.250000
-103.106079  -9.771868  13.250000
-102.935677  -17.320564  13.250000
-101.486046  -17.287840  13.250000
-103.106079  -9.771868  -2.109014
-101.656563  -9.739147  -2.109014
-102.935677  -17.320564  -2.109014
-101.486046  -17.287840  -2.109014
-100.898125  -43.315525  11.800000
-100.926353  -42.065960  11.715871
-101.365417  -22.628084  10.379715
-102.815048  -22.660828  10.379715
-102.363045  -42.671204  11.800000
-102.363045  -42.671204  6.350000
-102.363045  -42.671204  -2.109014
-100.898125  -43.315525  6.350000
-102.815048  -22.660828  -2.109014
-102.363045  -42.671204  11.753516
-101.094604  -34.617130  41.278606
-85.114418  -38.441025  10.050000
-85.501381  -21.310066  7.725000
-85.501381  -21.310066  -2.109014
-85.114418  -38.441025  -2.109014
-102.358513  -42.871849  6.350000
-102.363007  -42.672909  11.753633
-101.915627  1.729738  6.350132
-101.820129  1.731895  6.350132
-101.819511  1.704570  11.990000
-81.588547  -39.941360  11.467498
-80.951286  -40.794025  11.467498
-88.394440  -46.356834  11.954482
-89.031700  -45.504169  11.954482
-80.951286  -40.794025  2.840729
-81.588547  -39.941360  2.840729
-88.394440  -46.356834  3.327713
-89.031700  -45.504169  3.327713
