346.498840  -517.983459  28.000000
346.498840  -517.983459  18.000000
347.513702  -517.830811  28.000000
347.513702  -517.830811  18.000000
348.870667  -517.653687  28.000000
348.870667  -517.653687  18.000000
355.678040  -516.924622  28.000000
355.678040  -516.924622  18.000000
357.712219  -516.649414  28.000000
357.712219  -516.649414  18.000000
358.725372  -516.484009  28.000000
358.725372  -516.484009  18.000000
359.735168  -516.295227  28.000000
359.735168  -516.295227  18.000000
360.741089  -516.079285  28.000000
360.741089  -516.079285  18.000000
361.742584  -515.832458  28.000000
361.742584  -515.832458  18.000000
362.139709  -515.757080  28.000000
362.139709  -515.757080  18.000000
362.481201  -515.754639  28.000000
362.481201  -515.754639  18.000000
362.631805  -515.780396  28.000000
362.631805  -515.780396  18.000000
362.769287  -515.823975  28.000000
362.769287  -515.823975  18.000000
362.893951  -515.885193  28.000000
362.893951  -515.885193  18.000000
363.006073  -515.963928  28.000000
363.006073  -515.963928  18.000000
363.105896  -516.060059  28.000000
363.105896  -516.060059  18.000000
363.193726  -516.173340  28.000000
363.193726  -516.173340  18.000000
363.334381  -516.451111  28.000000
363.334381  -516.451111  18.000000
363.430237  -516.796021  28.000000
363.430237  -516.796021  18.000000
363.483398  -517.206848  28.000000
363.483398  -517.206848  18.000000
371.191956  -622.712524  28.000000
371.191956  -622.712524  18.000000
371.227570  -623.013672  28.000000
371.227570  -623.013672  18.000000
371.291809  -623.295532  28.000000
371.291809  -623.295532  18.000000
371.388489  -623.552979  28.000000
371.388489  -623.552979  18.000000
371.521332  -623.780884  28.000000
371.521332  -623.780884  18.000000
371.694122  -623.974182  28.000000
371.694122  -623.974182  18.000000
371.910645  -624.127747  28.000000
371.910645  -624.127747  18.000000
372.174652  -624.236572  28.000000
372.174652  -624.236572  18.000000
372.489899  -624.295471  28.000000
372.489899  -624.295471  18.000000
372.692993  -624.303528  28.000000
372.692993  -624.303528  18.000000
372.874451  -624.288452  28.000000
372.874451  -624.288452  18.000000
373.035858  -624.252136  28.000000
373.035858  -624.252136  18.000000
373.178741  -624.196411  28.000000
373.178741  -624.196411  18.000000
373.304657  -624.123047  28.000000
373.304657  -624.123047  18.000000
373.415161  -624.033875  28.000000
373.415161  -624.033875  18.000000
373.596008  -623.815491  28.000000
373.596008  -623.815491  18.000000
373.733734  -623.555786  28.000000
373.733734  -623.555786  18.000000
373.840668  -623.269531  28.000000
373.840668  -623.269531  18.000000
396.876892  -542.437378  28.000000
396.876892  -542.437378  18.000000
397.037628  -541.960205  28.000000
397.037628  -541.960205  18.000000
397.225037  -541.591858  28.000000
397.225037  -541.591858  18.000000
397.330017  -541.446167  28.000000
397.330017  -541.446167  18.000000
397.443237  -541.324829  28.000000
397.443237  -541.324829  18.000000
397.565186  -541.227051  28.000000
397.565186  -541.227051  18.000000
397.696381  -541.151733  28.000000
397.696381  -541.151733  18.000000
397.837372  -541.098083  28.000000
397.837372  -541.098083  18.000000
397.988647  -541.065125  28.000000
397.988647  -541.065125  18.000000
398.324158  -541.057556  28.000000
398.324158  -541.057556  18.000000
398.707062  -541.121521  28.000000
398.707062  -541.121521  18.000000
399.141510  -541.249573  28.000000
399.141510  -541.249573  18.000000
406.309326  -543.685181  28.000000
406.309326  -543.685181  18.000000
411.332825  -545.372009  28.000000
411.332825  -545.372009  18.000000
414.924988  -546.564880  28.000000
414.924988  -546.564880  18.000000
415.213837  -546.673035  28.000000
415.213837  -546.673035  18.000000
415.456757  -546.790710  28.000000
415.456757  -546.790710  18.000000
415.656586  -546.917358  28.000000
415.656586  -546.917358  18.000000
415.816193  -547.052673  28.000000
415.816193  -547.052673  18.000000
415.938416  -547.196167  28.000000
415.938416  -547.196167  18.000000
416.026154  -547.347412  28.000000
416.026154  -547.347412  18.000000
416.082245  -547.506042  28.000000
416.082245  -547.506042  18.000000
416.109497  -547.671631  28.000000
416.109497  -547.671631  18.000000
416.110840  -547.843689  28.000000
416.110840  -547.843689  18.000000
416.089111  -548.021912  28.000000
416.089111  -548.021912  18.000000
415.987854  -548.394958  28.000000
415.987854  -548.394958  18.000000
415.828522  -548.787354  28.000000
415.828522  -548.787354  18.000000
415.634064  -549.195801  28.000000
415.634064  -549.195801  18.000000
378.790405  -624.048889  28.000000
378.790405  -624.048889  18.000000
378.618378  -624.394165  28.000000
378.618378  -624.394165  18.000000
378.440857  -624.776794  28.000000
378.440857  -624.776794  18.000000
378.312531  -625.134521  28.000000
378.312531  -625.134521  18.000000
378.250153  -625.481812  28.000000
378.250153  -625.481812  18.000000
378.250336  -625.653198  28.000000
378.250336  -625.653198  18.000000
378.275055  -625.823975  28.000000
378.275055  -625.823975  18.000000
378.326904  -625.994812  28.000000
378.326904  -625.994812  18.000000
378.408600  -626.166260  28.000000
378.408600  -626.166260  18.000000
378.522766  -626.339050  28.000000
378.522766  -626.339050  18.000000
378.672119  -626.513855  28.000000
378.672119  -626.513855  18.000000
378.859283  -626.691284  28.000000
378.859283  -626.691284  18.000000
379.334564  -627.038391  28.000000
379.334564  -627.038391  18.000000
379.566528  -627.164124  28.000000
379.566528  -627.164124  18.000000
379.784180  -627.251831  28.000000
379.784180  -627.251831  18.000000
379.988800  -627.304382  28.000000
379.988800  -627.304382  18.000000
380.181732  -627.324585  28.000000
380.181732  -627.324585  18.000000
380.364227  -627.315125  28.000000
380.364227  -627.315125  18.000000
380.537628  -627.278870  28.000000
380.537628  -627.278870  18.000000
380.703217  -627.218628  28.000000
380.703217  -627.218628  18.000000
381.016144  -627.037048  28.000000
381.016144  -627.037048  18.000000
381.313507  -626.792847  28.000000
381.313507  -626.792847  18.000000
381.599182  -626.514771  28.000000
381.599182  -626.514771  18.000000
405.671997  -602.384338  28.000000
405.671997  -602.384338  18.000000
406.243866  -601.866272  28.000000
406.243866  -601.866272  18.000000
406.486938  -601.685486  28.000000
406.486938  -601.685486  18.000000
406.709930  -601.557251  28.000000
406.709930  -601.557251  18.000000
406.919128  -601.481812  28.000000
406.919128  -601.481812  18.000000
407.120911  -601.459473  28.000000
407.120911  -601.459473  18.000000
407.321625  -601.490479  28.000000
407.321625  -601.490479  18.000000
407.527588  -601.575134  28.000000
407.527588  -601.575134  18.000000
407.745117  -601.713684  28.000000
407.745117  -601.713684  18.000000
407.980621  -601.906433  28.000000
407.980621  -601.906433  18.000000
408.530792  -602.455505  28.000000
408.530792  -602.455505  18.000000
408.858154  -602.812439  28.000000
408.858154  -602.812439  18.000000
412.425171  -606.822205  28.000000
412.425171  -606.822205  18.000000
413.240753  -607.705322  28.000000
413.240753  -607.705322  18.000000
414.073151  -608.571777  28.000000
414.073151  -608.571777  18.000000
414.463989  -609.006287  28.000000
414.463989  -609.006287  18.000000
414.738800  -609.405151  28.000000
414.738800  -609.405151  18.000000
414.831757  -609.593933  28.000000
414.831757  -609.593933  18.000000
414.894562  -609.777100  28.000000
414.894562  -609.777100  18.000000
414.926819  -609.955688  28.000000
414.926819  -609.955688  18.000000
414.928162  -610.130859  28.000000
414.928162  -610.130859  18.000000
414.898193  -610.303589  28.000000
414.898193  -610.303589  18.000000
414.836548  -610.475037  28.000000
414.836548  -610.475037  18.000000
414.742828  -610.646240  28.000000
414.742828  -610.646240  18.000000
414.616638  -610.818359  28.000000
414.616638  -610.818359  18.000000
414.265320  -611.169556  28.000000
414.265320  -611.169556  18.000000
384.150970  -630.379211  28.000000
384.150970  -630.379211  18.000000
383.901306  -630.635071  28.000000
383.901306  -630.635071  18.000000
383.802124  -630.777405  28.000000
383.802124  -630.777405  18.000000
383.724030  -630.931396  28.000000
383.724030  -630.931396  18.000000
383.670044  -631.098633  28.000000
383.670044  -631.098633  18.000000
383.643127  -631.280579  28.000000
383.643127  -631.280579  18.000000
383.646271  -631.478760  28.000000
383.646271  -631.478760  18.000000
383.682526  -631.694824  28.000000
383.682526  -631.694824  18.000000
383.754822  -631.930176  28.000000
383.754822  -631.930176  18.000000
384.321808  -633.045288  28.000000
384.321808  -633.045288  18.000000
384.576965  -633.414978  28.000000
384.576965  -633.414978  18.000000
384.869415  -633.723633  28.000000
384.869415  -633.723633  18.000000
385.034088  -633.850098  28.000000
385.034088  -633.850098  18.000000
385.213409  -633.955322  28.000000
385.213409  -633.955322  18.000000
385.409210  -634.037354  28.000000
385.409210  -634.037354  18.000000
385.623260  -634.094116  28.000000
385.623260  -634.094116  18.000000
385.857300  -634.123718  28.000000
385.857300  -634.123718  18.000000
386.113190  -634.124146  28.000000
386.113190  -634.124146  18.000000
386.392639  -634.093384  28.000000
386.392639  -634.093384  18.000000
386.697510  -634.029480  28.000000
386.697510  -634.029480  18.000000
387.392975  -633.852539  28.000000
387.392975  -633.852539  18.000000
388.088715  -633.676575  28.000000
388.088715  -633.676575  18.000000
388.784668  -633.501587  28.000000
388.784668  -633.501587  18.000000
389.480865  -633.327393  28.000000
389.480865  -633.327393  18.000000
390.177216  -633.153992  28.000000
390.177216  -633.153992  18.000000
390.873779  -632.981262  28.000000
390.873779  -632.981262  18.000000
392.267334  -632.637573  28.000000
392.267334  -632.637573  18.000000
393.661346  -632.295776  28.000000
393.661346  -632.295776  18.000000
399.239044  -630.934937  28.000000
399.239044  -630.934937  18.000000
401.264771  -630.438538  28.000000
401.264771  -630.438538  18.000000
403.791840  -629.821533  28.000000
403.791840  -629.821533  18.000000
404.423401  -629.666382  28.000000
404.423401  -629.666382  18.000000
405.054718  -629.510376  28.000000
405.054718  -629.510376  18.000000
405.685760  -629.353210  28.000000
405.685760  -629.353210  18.000000
406.316406  -629.194519  28.000000
406.316406  -629.194519  18.000000
406.946594  -629.034180  28.000000
406.946594  -629.034180  18.000000
408.305206  -628.685791  28.000000
408.305206  -628.685791  18.000000
410.342621  -628.161377  28.000000
410.342621  -628.161377  18.000000
411.700531  -627.810242  28.000000
411.700531  -627.810242  18.000000
413.058044  -627.457703  28.000000
413.058044  -627.457703  18.000000
414.415161  -627.103577  28.000000
414.415161  -627.103577  18.000000
415.093536  -626.925842  28.000000
415.093536  -626.925842  18.000000
416.449921  -626.568970  28.000000
416.449921  -626.568970  18.000000
417.805756  -626.210022  28.000000
417.805756  -626.210022  18.000000
418.359039  -626.096313  28.000000
418.359039  -626.096313  18.000000
418.847046  -626.069092  28.000000
418.847046  -626.069092  18.000000
419.066803  -626.089233  28.000000
419.066803  -626.089233  18.000000
419.270447  -626.132568  28.000000
419.270447  -626.132568  18.000000
419.458130  -626.199524  28.000000
419.458130  -626.199524  18.000000
419.629913  -626.290710  28.000000
419.629913  -626.290710  18.000000
419.785858  -626.406677  28.000000
419.785858  -626.406677  18.000000
419.926086  -626.547791  28.000000
419.926086  -626.547791  18.000000
420.050659  -626.714661  28.000000
420.050659  -626.714661  18.000000
420.159637  -626.907776  28.000000
420.159637  -626.907776  18.000000
420.253143  -627.127686  28.000000
420.253143  -627.127686  18.000000
420.331268  -627.374878  28.000000
420.331268  -627.374878  18.000000
420.394043  -627.649780  28.000000
420.394043  -627.649780  18.000000
420.441589  -627.953064  28.000000
420.441589  -627.953064  18.000000
420.536682  -628.680847  28.000000
420.536682  -628.680847  18.000000
420.747925  -630.134277  28.000000
420.747925  -630.134277  18.000000
420.864075  -630.859619  28.000000
420.864075  -630.859619  18.000000
420.987244  -631.583801  28.000000
420.987244  -631.583801  18.000000
421.117462  -632.306580  28.000000
421.117462  -632.306580  18.000000
421.254669  -633.027893  28.000000
421.254669  -633.027893  18.000000
421.398956  -633.747498  28.000000
421.398956  -633.747498  18.000000
421.476166  -634.291260  28.000000
421.476166  -634.291260  18.000000
421.482758  -634.534363  28.000000
421.482758  -634.534363  18.000000
421.467987  -634.758850  28.000000
421.467987  -634.758850  18.000000
421.431824  -634.965149  28.000000
421.431824  -634.965149  18.000000
421.374268  -635.153564  28.000000
421.374268  -635.153564  18.000000
421.295288  -635.324646  28.000000
421.295288  -635.324646  18.000000
421.194916  -635.478760  28.000000
421.194916  -635.478760  18.000000
421.073059  -635.616272  28.000000
421.073059  -635.616272  18.000000
420.929749  -635.737671  28.000000
420.929749  -635.737671  18.000000
420.764954  -635.843323  28.000000
420.764954  -635.843323  18.000000
420.578674  -635.933594  28.000000
420.578674  -635.933594  18.000000
420.370911  -636.009033  28.000000
420.370911  -636.009033  18.000000
420.141571  -636.069946  28.000000
420.141571  -636.069946  18.000000
419.618286  -636.149902  28.000000
419.618286  -636.149902  18.000000
417.373383  -636.362976  28.000000
417.373383  -636.362976  18.000000
409.891815  -637.089722  28.000000
409.891815  -637.089722  18.000000
408.395203  -637.231567  28.000000
408.395203  -637.231567  18.000000
406.898315  -637.370117  28.000000
406.898315  -637.370117  18.000000
405.401062  -637.504578  28.000000
405.401062  -637.504578  18.000000
403.162872  -637.697388  28.000000
403.162872  -637.697388  18.000000
400.183472  -637.944885  28.000000
400.183472  -637.944885  18.000000
387.330017  -638.957336  28.000000
387.330017  -638.957336  18.000000
386.566376  -639.027344  28.000000
386.566376  -639.027344  18.000000
386.387665  -639.070251  28.000000
386.387665  -639.070251  18.000000
386.233093  -639.128845  28.000000
386.233093  -639.128845  18.000000
386.100708  -639.202026  28.000000
386.100708  -639.202026  18.000000
385.988586  -639.288574  28.000000
385.988586  -639.288574  18.000000
385.894806  -639.387329  28.000000
385.894806  -639.387329  18.000000
385.754456  -639.617004  28.000000
385.754456  -639.617004  18.000000
385.664185  -639.881836  28.000000
385.664185  -639.881836  18.000000
385.608459  -640.172546  28.000000
385.608459  -640.172546  18.000000
385.511566  -641.128052  28.000000
385.511566  -641.128052  18.000000
385.515411  -641.432068  28.000000
385.515411  -641.432068  18.000000
385.558441  -641.706299  28.000000
385.558441  -641.706299  18.000000
385.648804  -641.950439  28.000000
385.648804  -641.950439  18.000000
385.794495  -642.164246  28.000000
385.794495  -642.164246  18.000000
386.003662  -642.347412  28.000000
386.003662  -642.347412  18.000000
386.284363  -642.499512  28.000000
386.284363  -642.499512  18.000000
386.644684  -642.620422  28.000000
386.644684  -642.620422  18.000000
388.004578  -642.980042  28.000000
388.004578  -642.980042  18.000000
389.361938  -643.348511  28.000000
389.361938  -643.348511  18.000000
390.039673  -643.536133  28.000000
390.039673  -643.536133  18.000000
391.393250  -643.918274  28.000000
391.393250  -643.918274  18.000000
392.069122  -644.112793  28.000000
392.069122  -644.112793  18.000000
393.418976  -644.509033  28.000000
393.418976  -644.509033  18.000000
394.766327  -644.914856  28.000000
394.766327  -644.914856  18.000000
395.439087  -645.121460  28.000000
395.439087  -645.121460  18.000000
396.111206  -645.330566  28.000000
396.111206  -645.330566  18.000000
396.782715  -645.542114  28.000000
396.782715  -645.542114  18.000000
397.453644  -645.756287  28.000000
397.453644  -645.756287  18.000000
397.984894  -645.955505  28.000000
397.984894  -645.955505  18.000000
398.383179  -646.171387  28.000000
398.383179  -646.171387  18.000000
398.535156  -646.287415  28.000000
398.535156  -646.287415  18.000000
398.657196  -646.409851  28.000000
398.657196  -646.409851  18.000000
398.750336  -646.539368  28.000000
398.750336  -646.539368  18.000000
398.815704  -646.676758  28.000000
398.815704  -646.676758  18.000000
398.854370  -646.822815  28.000000
398.854370  -646.822815  18.000000
398.867432  -646.978149  28.000000
398.867432  -646.978149  18.000000
398.855988  -647.143677  28.000000
398.855988  -647.143677  18.000000
398.821106  -647.320007  28.000000
398.821106  -647.320007  18.000000
398.685486  -647.708191  28.000000
398.685486  -647.708191  18.000000
398.469269  -648.148743  28.000000
398.469269  -648.148743  18.000000
398.037415  -648.961731  28.000000
398.037415  -648.961731  18.000000
397.377472  -650.243164  28.000000
397.377472  -650.243164  18.000000
397.122284  -650.723145  28.000000
397.122284  -650.723145  18.000000
396.898895  -651.103821  28.000000
396.898895  -651.103821  18.000000
396.693787  -651.390869  28.000000
396.693787  -651.390869  18.000000
396.493378  -651.590271  28.000000
396.493378  -651.590271  18.000000
396.284119  -651.707703  28.000000
396.284119  -651.707703  18.000000
396.052521  -651.749084  28.000000
396.052521  -651.749084  18.000000
395.785004  -651.720154  28.000000
395.785004  -651.720154  18.000000
395.468018  -651.626770  28.000000
395.468018  -651.626770  18.000000
395.088013  -651.474792  28.000000
395.088013  -651.474792  18.000000
390.340118  -649.355591  28.000000
390.340118  -649.355591  18.000000
385.036804  -646.695923  28.000000
385.036804  -646.695923  18.000000
384.689850  -646.555969  28.000000
384.689850  -646.555969  18.000000
384.351074  -646.483643  28.000000
384.351074  -646.483643  18.000000
384.183502  -646.481201  28.000000
384.183502  -646.481201  18.000000
384.016479  -646.505676  28.000000
384.016479  -646.505676  18.000000
383.849518  -646.560486  28.000000
383.849518  -646.560486  18.000000
383.682129  -646.648926  28.000000
383.682129  -646.648926  18.000000
383.513824  -646.774353  28.000000
383.513824  -646.774353  18.000000
383.344086  -646.940125  28.000000
383.344086  -646.940125  18.000000
383.172424  -647.149536  28.000000
383.172424  -647.149536  18.000000
382.920471  -647.531128  28.000000
382.920471  -647.531128  18.000000
382.700836  -647.893982  28.000000
382.700836  -647.893982  18.000000
382.452759  -648.352417  28.000000
382.452759  -648.352417  18.000000
382.275146  -648.788513  28.000000
382.275146  -648.788513  18.000000
382.219299  -649.000427  28.000000
382.219299  -649.000427  18.000000
382.188904  -649.209473  28.000000
382.188904  -649.209473  18.000000
382.186615  -649.416565  28.000000
382.186615  -649.416565  18.000000
382.215057  -649.622620  28.000000
382.215057  -649.622620  18.000000
382.276825  -649.828491  28.000000
382.276825  -649.828491  18.000000
382.374512  -650.035095  28.000000
382.374512  -650.035095  18.000000
382.510803  -650.243286  28.000000
382.510803  -650.243286  18.000000
382.688293  -650.454102  28.000000
382.688293  -650.454102  18.000000
382.909576  -650.668335  28.000000
382.909576  -650.668335  18.000000
383.751770  -651.339233  28.000000
383.751770  -651.339233  18.000000
387.068634  -654.225952  28.000000
387.068634  -654.225952  18.000000
387.884827  -654.880920  28.000000
387.884827  -654.880920  18.000000
388.094360  -655.077515  28.000000
388.094360  -655.077515  18.000000
388.270020  -655.271790  28.000000
388.270020  -655.271790  18.000000
388.412384  -655.464172  28.000000
388.412384  -655.464172  18.000000
388.521973  -655.655029  28.000000
388.521973  -655.655029  18.000000
388.599365  -655.844666  28.000000
388.599365  -655.844666  18.000000
388.645111  -656.033508  28.000000
388.645111  -656.033508  18.000000
388.659821  -656.221802  28.000000
388.659821  -656.221802  18.000000
388.644043  -656.410034  28.000000
388.644043  -656.410034  18.000000
388.598297  -656.598511  28.000000
388.598297  -656.598511  18.000000
388.523193  -656.787598  28.000000
388.523193  -656.787598  18.000000
388.419312  -656.977661  28.000000
388.419312  -656.977661  18.000000
388.127319  -657.362183  28.000000
388.127319  -657.362183  18.000000
385.602539  -659.876953  28.000000
385.602539  -659.876953  18.000000
385.324524  -660.090149  28.000000
385.324524  -660.090149  18.000000
385.069702  -660.238586  28.000000
385.069702  -660.238586  18.000000
384.831055  -660.321655  28.000000
384.831055  -660.321655  18.000000
384.601593  -660.338867  28.000000
384.601593  -660.338867  18.000000
384.374359  -660.289551  28.000000
384.374359  -660.289551  18.000000
384.142334  -660.173096  28.000000
384.142334  -660.173096  18.000000
383.898529  -659.989014  28.000000
383.898529  -659.989014  18.000000
383.347717  -659.415344  28.000000
383.347717  -659.415344  18.000000
383.026703  -659.024658  28.000000
383.026703  -659.024658  18.000000
380.712708  -655.947632  28.000000
380.712708  -655.947632  18.000000
379.034760  -653.409546  28.000000
379.034760  -653.409546  18.000000
378.776947  -653.104004  28.000000
378.776947  -653.104004  18.000000
378.505219  -652.870850  28.000000
378.505219  -652.870850  18.000000
378.213684  -652.712463  28.000000
378.213684  -652.712463  18.000000
378.058655  -652.662109  28.000000
378.058655  -652.662109  18.000000
377.896484  -652.631287  28.000000
377.896484  -652.631287  18.000000
377.726440  -652.620300  28.000000
377.726440  -652.620300  18.000000
377.547760  -652.629578  28.000000
377.547760  -652.629578  18.000000
377.161682  -652.709717  28.000000
377.161682  -652.709717  18.000000
376.732361  -652.874146  28.000000
376.732361  -652.874146  18.000000
375.959167  -653.289001  28.000000
375.959167  -653.289001  18.000000
375.645569  -653.529053  28.000000
375.645569  -653.529053  18.000000
375.393768  -653.803101  28.000000
375.393768  -653.803101  18.000000
375.294128  -653.955688  28.000000
375.294128  -653.955688  18.000000
375.213654  -654.120239  28.000000
375.213654  -654.120239  18.000000
375.153564  -654.297791  28.000000
375.153564  -654.297791  18.000000
375.115082  -654.489563  28.000000
375.115082  -654.489563  18.000000
375.099457  -654.696655  28.000000
375.099457  -654.696655  18.000000
375.107910  -654.920227  28.000000
375.107910  -654.920227  18.000000
375.141693  -655.161377  28.000000
375.141693  -655.161377  18.000000
375.201996  -655.421387  28.000000
375.201996  -655.421387  18.000000
375.383667  -656.085999  28.000000
375.383667  -656.085999  18.000000
375.564148  -656.750977  28.000000
375.564148  -656.750977  18.000000
375.743561  -657.416199  28.000000
375.743561  -657.416199  18.000000
375.922119  -658.081665  28.000000
375.922119  -658.081665  18.000000
376.277252  -659.413208  28.000000
376.277252  -659.413208  18.000000
377.160980  -662.743103  28.000000
377.160980  -662.743103  18.000000
377.338318  -663.408936  28.000000
377.338318  -663.408936  18.000000
377.516235  -664.074585  28.000000
377.516235  -664.074585  18.000000
377.694885  -664.740051  28.000000
377.694885  -664.740051  18.000000
377.874420  -665.405273  28.000000
377.874420  -665.405273  18.000000
378.055023  -666.070190  28.000000
378.055023  -666.070190  18.000000
378.639374  -668.208618  28.000000
378.639374  -668.208618  18.000000
379.618469  -671.771240  28.000000
379.618469  -671.771240  18.000000
382.356720  -681.680786  28.000000
382.356720  -681.680786  18.000000
382.537048  -682.330994  28.000000
382.537048  -682.330994  18.000000
382.718262  -682.980957  28.000000
382.718262  -682.980957  18.000000
382.900665  -683.630554  28.000000
382.900665  -683.630554  18.000000
383.084564  -684.279785  28.000000
383.084564  -684.279785  18.000000
383.270233  -684.928467  28.000000
383.270233  -684.928467  18.000000
383.411194  -685.538513  28.000000
383.411194  -685.538513  18.000000
383.460571  -686.087219  28.000000
383.460571  -686.087219  18.000000
383.448425  -686.337158  28.000000
383.448425  -686.337158  18.000000
383.410400  -686.569946  28.000000
383.410400  -686.569946  18.000000
383.345490  -686.785034  28.000000
383.345490  -686.785034  18.000000
383.252655  -686.981812  28.000000
383.252655  -686.981812  18.000000
383.130920  -687.159729  28.000000
383.130920  -687.159729  18.000000
382.979309  -687.318176  28.000000
382.979309  -687.318176  18.000000
382.796783  -687.456543  28.000000
382.796783  -687.456543  18.000000
382.582336  -687.574280  28.000000
382.582336  -687.574280  18.000000
382.335022  -687.670776  28.000000
382.335022  -687.670776  18.000000
382.053772  -687.745483  28.000000
382.053772  -687.745483  18.000000
381.737610  -687.797668  28.000000
381.737610  -687.797668  18.000000
381.385529  -687.826904  28.000000
381.385529  -687.826904  18.000000
380.829315  -687.900452  28.000000
380.829315  -687.900452  18.000000
380.274689  -688.007263  28.000000
380.274689  -688.007263  18.000000
378.830261  -688.237854  28.000000
378.830261  -688.237854  18.000000
377.755981  -688.379333  28.000000
377.755981  -688.379333  18.000000
377.346008  -688.419861  28.000000
377.346008  -688.419861  18.000000
376.610992  -688.460022  28.000000
376.610992  -688.460022  18.000000
375.981750  -688.439941  28.000000
375.981750  -688.439941  18.000000
375.449402  -688.352661  28.000000
375.449402  -688.352661  18.000000
375.216827  -688.281616  28.000000
375.216827  -688.281616  18.000000
375.005127  -688.191223  28.000000
375.005127  -688.191223  18.000000
374.813202  -688.080505  28.000000
374.813202  -688.080505  18.000000
374.639954  -687.948669  28.000000
374.639954  -687.948669  18.000000
374.484253  -687.794861  28.000000
374.484253  -687.794861  18.000000
374.345032  -687.618103  28.000000
374.345032  -687.618103  18.000000
374.221161  -687.417664  28.000000
374.221161  -687.417664  18.000000
374.111511  -687.192566  28.000000
374.111511  -687.192566  18.000000
373.930450  -686.665100  28.000000
373.930450  -686.665100  18.000000
373.792999  -686.028687  28.000000
373.792999  -686.028687  18.000000
373.690277  -685.276489  28.000000
373.690277  -685.276489  18.000000
373.613373  -684.401550  28.000000
373.613373  -684.401550  18.000000
373.272522  -678.272278  28.000000
373.272522  -678.272278  18.000000
370.916077  -655.441223  28.000000
370.916077  -655.441223  18.000000
370.833618  -655.121277  28.000000
370.833618  -655.121277  18.000000
370.722107  -654.859497  28.000000
370.722107  -654.859497  18.000000
370.584503  -654.649780  28.000000
370.584503  -654.649780  18.000000
370.423798  -654.486267  28.000000
370.423798  -654.486267  18.000000
370.242950  -654.362915  28.000000
370.242950  -654.362915  18.000000
370.044952  -654.273865  28.000000
370.044952  -654.273865  18.000000
369.832764  -654.213013  28.000000
369.832764  -654.213013  18.000000
368.200470  -654.076782  28.000000
368.200470  -654.076782  18.000000
367.743835  -653.969971  28.000000
367.743835  -653.969971  18.000000
367.534058  -653.943542  28.000000
367.534058  -653.943542  18.000000
367.350586  -653.945557  28.000000
367.350586  -653.945557  18.000000
367.191223  -653.973816  28.000000
367.191223  -653.973816  18.000000
367.053833  -654.026184  28.000000
367.053833  -654.026184  18.000000
366.936249  -654.100342  28.000000
366.936249  -654.100342  18.000000
366.836334  -654.194214  28.000000
366.836334  -654.194214  18.000000
366.751923  -654.305481  28.000000
366.751923  -654.305481  18.000000
366.620972  -654.571716  28.000000
366.620972  -654.571716  18.000000
366.526184  -654.881287  28.000000
366.526184  -654.881287  18.000000
366.376129  -655.560364  28.000000
366.376129  -655.560364  18.000000
363.123779  -669.756470  28.000000
363.123779  -669.756470  18.000000
362.495514  -672.458313  28.000000
362.495514  -672.458313  18.000000
361.858643  -675.157898  28.000000
361.858643  -675.157898  18.000000
361.210724  -677.854736  28.000000
361.210724  -677.854736  18.000000
360.716125  -679.875122  28.000000
360.716125  -679.875122  18.000000
360.381683  -681.220825  28.000000
359.299835  -685.517456  28.000000
359.299835  -685.517456  18.000000
358.384064  -689.210327  28.000000
358.384064  -689.210327  18.000000
357.304535  -693.646118  28.000000
357.304535  -693.646118  18.000000
356.420959  -697.346313  28.000000
356.420959  -697.346313  18.000000
355.724518  -700.308899  28.000000
355.551849  -701.049866  18.000000
355.037292  -703.273682  28.000000
354.359222  -706.240662  28.000000
354.359222  -706.240662  18.000000
354.206299  -706.782471  28.000000
354.206299  -706.782471  18.000000
354.015961  -707.213623  28.000000
354.015961  -707.213623  18.000000
353.905365  -707.388672  28.000000
353.905365  -707.388672  18.000000
353.783722  -707.537292  28.000000
353.783722  -707.537292  18.000000
353.650482  -707.659912  28.000000
353.650482  -707.659912  18.000000
353.505066  -707.756836  28.000000
353.505066  -707.756836  18.000000
353.346924  -707.828491  28.000000
353.346924  -707.828491  18.000000
353.175476  -707.875366  28.000000
353.175476  -707.875366  18.000000
352.990143  -707.897766  28.000000
352.990143  -707.897766  18.000000
352.790405  -707.896057  28.000000
352.790405  -707.896057  18.000000
352.575653  -707.870789  28.000000
352.575653  -707.870789  18.000000
352.345337  -707.822266  28.000000
352.345337  -707.822266  18.000000
351.835785  -707.657043  28.000000
351.835785  -707.657043  18.000000
350.463562  -707.129150  28.000000
350.463562  -707.129150  18.000000
349.090210  -706.604248  28.000000
349.090210  -706.604248  18.000000
341.530640  -703.732910  28.000000
341.530640  -703.732910  18.000000
341.003235  -703.498657  28.000000
341.003235  -703.498657  18.000000
340.576172  -703.232117  28.000000
340.576172  -703.232117  18.000000
340.401215  -703.084717  28.000000
340.401215  -703.084717  18.000000
340.252441  -702.926941  28.000000
340.252441  -702.926941  18.000000
340.130249  -702.757996  28.000000
340.130249  -702.757996  18.000000
340.035034  -702.576965  28.000000
340.035034  -702.576965  18.000000
339.967133  -702.383240  28.000000
339.967133  -702.383240  18.000000
339.926941  -702.175842  28.000000
339.926941  -702.175842  18.000000
339.914825  -701.954163  28.000000
339.914825  -701.954163  18.000000
339.931183  -701.717285  28.000000
339.931183  -701.717285  18.000000
339.976379  -701.464539  28.000000
339.976379  -701.464539  18.000000
340.154724  -700.908020  28.000000
340.154724  -700.908020  18.000000
340.288635  -700.602661  28.000000
340.288635  -700.602661  18.000000
354.537964  -670.120300  28.000000
354.537964  -670.120300  18.000000
361.098145  -655.873840  28.000000
361.098145  -655.873840  18.000000
362.267792  -653.399902  28.000000
362.267792  -653.399902  18.000000
362.405457  -653.071899  28.000000
362.405457  -653.071899  18.000000
362.492218  -652.776245  28.000000
362.492218  -652.776245  18.000000
362.532379  -652.510071  28.000000
362.532379  -652.510071  18.000000
362.530212  -652.270752  28.000000
362.530212  -652.270752  18.000000
362.490051  -652.055420  28.000000
362.490051  -652.055420  18.000000
362.416229  -651.861328  28.000000
362.416229  -651.861328  18.000000
362.312988  -651.685730  28.000000
362.312988  -651.685730  18.000000
362.184723  -651.525879  28.000000
362.184723  -651.525879  18.000000
361.870209  -651.242310  28.000000
361.870209  -651.242310  18.000000
361.507111  -650.988525  28.000000
361.507111  -650.988525  18.000000
361.129944  -650.742432  28.000000
361.129944  -650.742432  18.000000
360.562256  -650.326294  28.000000
360.562256  -650.326294  18.000000
360.373596  -650.221680  28.000000
360.373596  -650.221680  18.000000
360.205322  -650.163208  28.000000
360.205322  -650.163208  18.000000
360.055511  -650.146118  28.000000
360.055511  -650.146118  18.000000
359.922211  -650.165527  28.000000
359.922211  -650.165527  18.000000
359.803497  -650.216553  28.000000
359.803497  -650.216553  18.000000
359.697449  -650.294434  28.000000
359.697449  -650.294434  18.000000
359.602173  -650.394287  28.000000
359.602173  -650.394287  18.000000
358.995850  -651.402039  28.000000
358.995850  -651.402039  18.000000
355.493805  -655.316223  28.000000
355.493805  -655.316223  18.000000
353.994354  -656.995056  28.000000
353.994354  -656.995056  18.000000
351.996735  -659.234924  28.000000
351.996735  -659.234924  18.000000
350.001282  -661.476807  28.000000
350.001282  -661.476807  18.000000
349.004486  -662.598511  28.000000
349.004486  -662.598511  18.000000
347.510559  -664.282288  28.000000
347.510559  -664.282288  18.000000
346.018311  -665.967468  28.000000
346.018311  -665.967468  18.000000
345.024445  -667.091858  28.000000
345.024445  -667.091858  18.000000
344.031403  -668.216919  28.000000
344.031403  -668.216919  18.000000
343.039276  -669.342773  28.000000
343.039276  -669.342773  18.000000
342.048035  -670.469482  28.000000
342.048035  -670.469482  18.000000
341.057770  -671.596985  28.000000
341.057770  -671.596985  18.000000
340.661926  -672.001770  28.000000
340.661926  -672.001770  18.000000
340.472351  -672.159119  28.000000
340.472351  -672.159119  18.000000
340.287292  -672.286804  28.000000
340.287292  -672.286804  18.000000
340.106079  -672.385071  28.000000
340.106079  -672.385071  18.000000
339.927979  -672.454102  28.000000
339.927979  -672.454102  18.000000
339.752197  -672.494324  28.000000
339.752197  -672.494324  18.000000
339.578033  -672.505859  28.000000
339.578033  -672.505859  18.000000
339.404755  -672.489014  28.000000
339.404755  -672.489014  18.000000
339.231598  -672.444031  28.000000
339.231598  -672.444031  18.000000
339.057861  -672.371277  28.000000
339.057861  -672.371277  18.000000
338.882782  -672.270874  28.000000
338.882782  -672.270874  18.000000
338.525696  -671.988403  28.000000
338.525696  -671.988403  18.000000
338.154388  -671.598694  28.000000
338.154388  -671.598694  18.000000
337.298157  -670.609863  28.000000
337.298157  -670.609863  18.000000
336.433380  -669.628174  28.000000
336.433380  -669.628174  18.000000
335.997345  -669.140503  28.000000
335.997345  -669.140503  18.000000
335.264709  -668.333191  28.000000
335.264709  -668.333191  18.000000
334.895447  -667.932434  28.000000
334.895447  -667.932434  18.000000
334.524048  -667.533630  28.000000
334.524048  -667.533630  18.000000
334.150452  -667.137024  28.000000
334.150452  -667.137024  18.000000
333.774597  -666.742737  28.000000
333.774597  -666.742737  18.000000
333.534271  -666.478210  28.000000
333.534271  -666.478210  18.000000
333.330536  -666.223267  28.000000
333.330536  -666.223267  18.000000
333.163177  -665.976990  28.000000
333.163177  -665.976990  18.000000
333.031952  -665.738403  28.000000
333.031952  -665.738403  18.000000
332.936737  -665.506653  28.000000
332.936737  -665.506653  18.000000
332.877289  -665.280762  28.000000
332.877289  -665.280762  18.000000
332.853424  -665.059692  28.000000
332.853424  -665.059692  18.000000
332.864960  -664.842651  28.000000
332.864960  -664.842651  18.000000
332.911682  -664.628662  28.000000
332.911682  -664.628662  18.000000
332.993439  -664.416748  28.000000
332.993439  -664.416748  18.000000
333.109955  -664.205994  28.000000
333.109955  -664.205994  18.000000
333.261108  -663.995422  28.000000
333.261108  -663.995422  18.000000
333.666473  -663.571228  28.000000
333.666473  -663.571228  18.000000
334.207947  -663.136597  28.000000
334.207947  -663.136597  18.000000
335.391876  -662.275391  28.000000
335.391876  -662.275391  18.000000
336.574615  -661.412598  28.000000
336.574615  -661.412598  18.000000
337.756256  -660.548340  28.000000
337.756256  -660.548340  18.000000
338.346680  -660.115601  28.000000
338.346680  -660.115601  18.000000
339.526825  -659.249207  28.000000
339.526825  -659.249207  18.000000
340.705994  -658.381470  28.000000
340.705994  -658.381470  18.000000
341.884308  -657.512573  28.000000
341.884308  -657.512573  18.000000
343.061829  -656.642517  28.000000
343.061829  -656.642517  18.000000
344.238586  -655.771484  28.000000
344.238586  -655.771484  18.000000
345.414673  -654.899475  28.000000
345.414673  -654.899475  18.000000
347.765045  -653.153076  28.000000
347.765045  -653.153076  18.000000
351.287170  -650.528687  28.000000
351.287170  -650.528687  18.000000
355.393066  -647.462708  28.000000
355.393066  -647.462708  18.000000
355.714386  -647.251221  28.000000
355.714386  -647.251221  18.000000
356.061462  -647.048279  28.000000
356.061462  -647.048279  18.000000
356.401276  -646.834473  28.000000
356.401276  -646.834473  18.000000
356.700745  -646.590576  28.000000
356.700745  -646.590576  18.000000
356.824982  -646.451233  28.000000
356.824982  -646.451233  18.000000
356.926758  -646.297119  28.000000
356.926758  -646.297119  18.000000
357.001892  -646.125793  28.000000
357.001892  -646.125793  18.000000
357.046265  -645.934814  28.000000
357.046265  -645.934814  18.000000
357.055756  -645.721802  28.000000
357.055756  -645.721802  18.000000
357.026215  -645.484314  28.000000
357.026215  -645.484314  18.000000
356.953522  -645.219910  28.000000
356.953522  -645.219910  18.000000
356.833527  -644.926208  28.000000
356.833527  -644.926208  18.000000
356.687439  -644.653015  28.000000
356.687439  -644.653015  18.000000
356.531494  -644.430847  28.000000
356.531494  -644.430847  18.000000
356.366852  -644.255493  28.000000
356.366852  -644.255493  18.000000
356.194519  -644.122742  28.000000
356.194519  -644.122742  18.000000
356.015625  -644.028381  28.000000
356.015625  -644.028381  18.000000
355.831238  -643.968140  28.000000
355.831238  -643.968140  18.000000
355.642426  -643.937866  28.000000
355.642426  -643.937866  18.000000
355.450287  -643.933228  28.000000
355.450287  -643.933228  18.000000
355.060364  -643.984192  28.000000
355.060364  -643.984192  18.000000
354.477570  -644.147522  28.000000
354.477570  -644.147522  18.000000
353.923309  -644.313782  28.000000
353.923309  -644.313782  18.000000
351.095947  -645.021545  28.000000
351.095947  -645.021545  18.000000
347.573395  -645.954407  28.000000
347.573395  -645.954407  18.000000
342.671448  -647.363770  28.000000
342.671448  -647.363770  18.000000
342.107513  -647.507629  28.000000
342.107513  -647.507629  18.000000
341.622345  -647.568726  28.000000
341.622345  -647.568726  18.000000
341.407318  -647.566162  28.000000
341.407318  -647.566162  18.000000
341.209625  -647.540466  28.000000
341.209625  -647.540466  18.000000
341.028442  -647.490723  28.000000
341.028442  -647.490723  18.000000
340.863007  -647.416199  28.000000
340.863007  -647.416199  18.000000
340.712524  -647.315979  28.000000
340.712524  -647.315979  18.000000
340.576202  -647.189270  28.000000
340.576202  -647.189270  18.000000
340.453247  -647.035217  28.000000
340.453247  -647.035217  18.000000
340.342865  -646.853088  28.000000
340.342865  -646.853088  18.000000
340.244263  -646.641907  28.000000
340.244263  -646.641907  18.000000
340.156677  -646.400940  28.000000
340.156677  -646.400940  18.000000
340.011353  -645.826294  28.000000
340.011353  -645.826294  18.000000
339.672089  -643.626404  28.000000
339.672089  -643.626404  18.000000
339.650909  -643.059021  28.000000
339.650909  -643.059021  18.000000
339.683411  -642.565979  28.000000
339.683411  -642.565979  18.000000
339.774200  -642.142029  28.000000
339.774200  -642.142029  18.000000
339.842926  -641.954346  28.000000
339.842926  -641.954346  18.000000
339.927917  -641.782043  28.000000
339.927917  -641.782043  18.000000
340.029816  -641.624390  28.000000
340.029816  -641.624390  18.000000
340.149170  -641.480835  28.000000
340.149170  -641.480835  18.000000
340.286591  -641.350586  28.000000
340.286591  -641.350586  18.000000
340.442596  -641.233154  28.000000
340.442596  -641.233154  18.000000
340.812836  -641.033875  28.000000
340.812836  -641.033875  18.000000
341.264465  -640.877808  28.000000
341.264465  -640.877808  18.000000
341.802155  -640.759705  28.000000
341.802155  -640.759705  18.000000
342.430481  -640.674500  28.000000
342.430481  -640.674500  18.000000
343.154114  -640.616882  28.000000
343.154114  -640.616882  18.000000
343.553101  -640.596802  28.000000
343.553101  -640.596802  18.000000
343.977661  -640.581726  28.000000
343.977661  -640.581726  18.000000
344.428345  -640.570984  28.000000
344.428345  -640.570984  18.000000
345.464447  -640.552612  28.000000
345.464447  -640.552612  18.000000
346.023010  -640.532227  28.000000
346.023010  -640.532227  18.000000
346.581451  -640.503845  28.000000
346.581451  -640.503845  18.000000
347.139771  -640.468689  28.000000
347.139771  -640.468689  18.000000
347.884094  -640.413147  28.000000
347.884094  -640.413147  18.000000
348.628357  -640.350342  28.000000
348.628357  -640.350342  18.000000
351.605774  -640.081726  28.000000
351.605774  -640.081726  18.000000
352.164307  -640.037720  28.000000
352.164307  -640.037720  18.000000
352.723022  -639.998596  28.000000
352.723022  -639.998596  18.000000
353.281921  -639.965454  28.000000
353.281921  -639.965454  18.000000
353.841003  -639.939575  28.000000
353.841003  -639.939575  18.000000
354.199951  -639.908691  28.000000
354.199951  -639.908691  18.000000
354.508667  -639.847717  28.000000
354.508667  -639.847717  18.000000
354.771179  -639.758911  28.000000
354.771179  -639.758911  18.000000
354.991608  -639.644653  28.000000
354.991608  -639.644653  18.000000
355.174072  -639.507141  28.000000
355.174072  -639.507141  18.000000
355.322662  -639.348633  28.000000
355.322662  -639.348633  18.000000
355.441467  -639.171509  28.000000
355.441467  -639.171509  18.000000
355.534637  -638.977966  28.000000
355.534637  -638.977966  18.000000
355.606232  -638.770325  28.000000
355.606232  -638.770325  18.000000
355.660339  -638.550842  28.000000
355.660339  -638.550842  18.000000
355.732635  -638.085510  28.000000
355.732635  -638.085510  18.000000
355.784302  -637.600220  28.000000
355.784302  -637.600220  18.000000
355.881287  -636.836121  28.000000
355.881287  -636.836121  18.000000
355.883423  -636.590759  28.000000
355.883423  -636.590759  18.000000
355.856873  -636.374939  28.000000
355.856873  -636.374939  18.000000
355.803955  -636.186157  28.000000
355.803955  -636.186157  18.000000
355.726959  -636.022156  28.000000
355.726959  -636.022156  18.000000
355.628235  -635.880554  28.000000
355.628235  -635.880554  18.000000
355.510040  -635.758911  28.000000
355.510040  -635.758911  18.000000
355.374725  -635.654907  28.000000
355.374725  -635.654907  18.000000
355.061951  -635.490356  28.000000
355.061951  -635.490356  18.000000
354.708344  -635.367859  28.000000
354.708344  -635.367859  18.000000
345.676025  -633.033691  28.000000
345.676025  -633.033691  18.000000
345.218292  -632.899170  28.000000
345.218292  -632.899170  18.000000
344.879425  -632.739014  28.000000
344.879425  -632.739014  18.000000
344.751953  -632.647888  28.000000
344.751953  -632.647888  18.000000
344.651031  -632.548645  28.000000
344.651031  -632.548645  18.000000
344.575653  -632.440735  28.000000
344.575653  -632.440735  18.000000
344.524719  -632.323547  28.000000
344.524719  -632.323547  18.000000
344.497192  -632.196533  28.000000
344.497192  -632.196533  18.000000
344.492035  -632.059143  28.000000
344.492035  -632.059143  18.000000
344.544586  -631.750977  28.000000
344.544586  -631.750977  18.000000
344.673981  -631.394470  28.000000
344.673981  -631.394470  18.000000
344.871735  -630.985046  28.000000
344.871735  -630.985046  18.000000
345.246155  -630.272217  28.000000
345.246155  -630.272217  18.000000
345.579346  -629.651062  28.000000
345.579346  -629.651062  18.000000
345.880432  -629.118835  28.000000
345.880432  -629.118835  18.000000
346.158508  -628.672668  28.000000
346.158508  -628.672668  18.000000
346.422699  -628.309692  28.000000
346.422699  -628.309692  18.000000
346.682098  -628.027039  28.000000
346.682098  -628.027039  18.000000
346.945801  -627.821899  28.000000
346.945801  -627.821899  18.000000
347.222900  -627.691345  28.000000
347.222900  -627.691345  18.000000
347.522552  -627.632629  28.000000
347.522552  -627.632629  18.000000
347.853821  -627.642822  28.000000
347.853821  -627.642822  18.000000
348.225830  -627.719116  28.000000
348.225830  -627.719116  18.000000
348.647675  -627.858643  28.000000
348.647675  -627.858643  18.000000
349.128448  -628.058533  28.000000
349.128448  -628.058533  18.000000
349.677307  -628.315918  28.000000
349.677307  -628.315918  18.000000
351.569977  -629.267029  28.000000
351.569977  -629.267029  18.000000
353.821289  -630.302917  28.000000
353.821289  -630.302917  18.000000
354.379669  -630.569153  28.000000
354.379669  -630.569153  18.000000
354.931152  -630.847717  28.000000
354.931152  -630.847717  18.000000
355.473145  -631.143250  28.000000
355.473145  -631.143250  18.000000
355.892578  -631.363586  28.000000
355.892578  -631.363586  18.000000
356.280060  -631.520386  28.000000
356.280060  -631.520386  18.000000
356.641937  -631.604980  28.000000
356.641937  -631.604980  18.000000
356.815247  -631.617493  28.000000
356.815247  -631.617493  18.000000
356.984497  -631.608765  28.000000
356.984497  -631.608765  18.000000
357.150513  -631.577698  28.000000
357.150513  -631.577698  18.000000
357.314056  -631.523254  28.000000
357.314056  -631.523254  18.000000
357.475922  -631.444275  28.000000
357.475922  -631.444275  18.000000
357.636902  -631.339722  28.000000
357.636902  -631.339722  18.000000
357.797760  -631.208557  28.000000
357.797760  -631.208557  18.000000
357.959320  -631.049622  28.000000
357.959320  -631.049622  18.000000
358.287659  -630.644409  28.000000
358.287659  -630.644409  18.000000
358.566833  -630.191895  28.000000
358.566833  -630.191895  18.000000
358.659943  -629.984802  28.000000
358.659943  -629.984802  18.000000
358.724060  -629.788757  28.000000
358.724060  -629.788757  18.000000
358.760681  -629.602478  28.000000
358.760681  -629.602478  18.000000
358.771332  -629.424561  28.000000
358.771332  -629.424561  18.000000
358.757446  -629.253784  28.000000
358.757446  -629.253784  18.000000
358.720551  -629.088806  28.000000
358.720551  -629.088806  18.000000
358.583710  -628.771057  28.000000
358.583710  -628.771057  18.000000
358.372711  -628.460754  28.000000
358.372711  -628.460754  18.000000
358.099548  -628.147461  28.000000
358.099548  -628.147461  18.000000
357.776123  -627.820679  28.000000
357.776123  -627.820679  18.000000
357.269501  -627.323669  28.000000
357.269501  -627.323669  18.000000
356.764374  -626.825073  28.000000
356.764374  -626.825073  18.000000
356.260559  -626.325134  28.000000
356.260559  -626.325134  18.000000
355.757904  -625.824036  28.000000
355.757904  -625.824036  18.000000
355.256226  -625.321899  28.000000
355.256226  -625.321899  18.000000
354.755341  -624.818970  28.000000
354.755341  -624.818970  18.000000
354.255127  -624.315369  28.000000
354.255127  -624.315369  18.000000
351.257385  -621.289978  28.000000
351.257385  -621.289978  18.000000
350.756775  -620.786743  28.000000
350.756775  -620.786743  18.000000
350.255432  -620.284302  28.000000
350.255432  -620.284302  18.000000
349.753174  -619.782776  28.000000
349.753174  -619.782776  18.000000
349.249847  -619.282349  28.000000
349.249847  -619.282349  18.000000
348.745270  -618.783264  28.000000
348.745270  -618.783264  18.000000
348.239258  -618.285645  28.000000
348.239258  -618.285645  18.000000
347.731659  -617.789612  28.000000
347.731659  -617.789612  18.000000
347.407166  -617.442810  28.000000
347.407166  -617.442810  18.000000
347.174835  -617.119202  28.000000
347.174835  -617.119202  18.000000
347.033875  -616.810669  28.000000
347.033875  -616.810669  18.000000
346.997406  -616.659485  28.000000
346.997406  -616.659485  18.000000
346.983490  -616.508972  28.000000
346.983490  -616.508972  18.000000
346.992065  -616.358215  28.000000
346.992065  -616.358215  18.000000
347.022980  -616.206177  28.000000
347.022980  -616.206177  18.000000
347.151489  -615.894043  28.000000
347.151489  -615.894043  18.000000
347.368317  -615.564514  28.000000
347.368317  -615.564514  18.000000
347.672699  -615.209473  28.000000
347.672699  -615.209473  18.000000
348.082306  -614.773438  28.000000
348.082306  -614.773438  18.000000
348.458923  -614.375122  28.000000
348.458923  -614.375122  18.000000
348.805389  -614.014893  28.000000
348.805389  -614.014893  18.000000
349.274445  -613.546326  28.000000
349.274445  -613.546326  18.000000
349.691132  -613.164673  28.000000
349.691132  -613.164673  18.000000
350.064697  -612.870850  28.000000
350.064697  -612.870850  18.000000
350.404541  -612.665588  28.000000
350.404541  -612.665588  18.000000
350.719910  -612.549866  28.000000
350.719910  -612.549866  18.000000
350.871368  -612.525757  28.000000
350.871368  -612.525757  18.000000
351.020172  -612.524414  28.000000
351.020172  -612.524414  18.000000
351.167572  -612.545776  28.000000
351.167572  -612.545776  18.000000
351.314667  -612.590088  28.000000
351.314667  -612.590088  18.000000
351.612671  -612.747803  28.000000
351.612671  -612.747803  18.000000
351.923553  -612.998291  28.000000
351.923553  -612.998291  18.000000
352.621155  -613.781189  28.000000
352.621155  -613.781189  18.000000
353.026520  -614.315308  28.000000
353.026520  -614.315308  18.000000
353.324066  -614.724731  28.000000
353.324066  -614.724731  18.000000
359.134460  -623.022583  28.000000
359.134460  -623.022583  18.000000
360.796417  -625.506104  28.000000
360.796417  -625.506104  18.000000
361.111053  -625.928528  28.000000
361.111053  -625.928528  18.000000
361.266174  -626.093872  28.000000
361.266174  -626.093872  18.000000
361.420959  -626.230164  28.000000
361.420959  -626.230164  18.000000
361.576141  -626.338501  28.000000
361.576141  -626.338501  18.000000
361.732574  -626.420105  28.000000
361.732574  -626.420105  18.000000
361.891052  -626.476013  28.000000
361.891052  -626.476013  18.000000
362.052338  -626.507385  28.000000
362.052338  -626.507385  18.000000
362.217255  -626.515442  28.000000
362.217255  -626.515442  18.000000
362.386627  -626.501221  28.000000
362.386627  -626.501221  18.000000
362.741882  -626.410645  28.000000
362.741882  -626.410645  18.000000
363.124512  -626.244690  28.000000
363.124512  -626.244690  18.000000
363.540955  -626.012512  28.000000
363.540955  -626.012512  18.000000
363.977600  -625.767639  28.000000
363.977600  -625.767639  18.000000
364.406219  -625.537659  28.000000
364.406219  -625.537659  18.000000
364.802673  -625.297974  28.000000
364.802673  -625.297974  18.000000
365.142792  -625.024170  28.000000
365.142792  -625.024170  18.000000
365.284149  -624.866760  28.000000
365.284149  -624.866760  18.000000
365.402374  -624.691589  28.000000
365.402374  -624.691589  18.000000
365.494415  -624.495605  28.000000
365.494415  -624.495605  18.000000
365.557281  -624.275757  28.000000
365.557281  -624.275757  18.000000
365.587921  -624.028931  28.000000
365.587921  -624.028931  18.000000
365.583313  -623.752136  28.000000
365.583313  -623.752136  18.000000
365.540466  -623.442261  28.000000
365.540466  -623.442261  18.000000
365.456360  -623.096191  28.000000
365.456360  -623.096191  18.000000
364.941711  -621.291931  28.000000
364.941711  -621.291931  18.000000
364.276489  -618.880615  28.000000
364.276489  -618.880615  18.000000
363.563354  -616.204590  28.000000
363.563354  -616.204590  18.000000
359.667236  -600.841003  28.000000
359.667236  -600.841003  18.000000
358.898621  -597.958191  28.000000
358.898621  -597.958191  18.000000
354.130951  -580.700195  28.000000
354.130951  -580.700195  18.000000
340.709747  -528.581726  28.000000
340.709747  -528.581726  18.000000
340.558380  -528.020813  28.000000
340.558380  -528.020813  18.000000
340.402100  -527.461121  28.000000
340.402100  -527.461121  18.000000
340.241608  -526.902588  28.000000
340.241608  -526.902588  18.000000
340.030273  -526.185791  28.000000
340.030273  -526.185791  18.000000
338.724396  -521.894836  28.000000
338.724396  -521.894836  18.000000
338.579803  -521.288574  28.000000
338.579803  -521.288574  18.000000
338.528931  -520.745422  28.000000
338.528931  -520.745422  18.000000
338.540863  -520.498230  28.000000
338.540863  -520.498230  18.000000
338.578979  -520.267761  28.000000
338.578979  -520.267761  18.000000
338.644104  -520.054260  28.000000
338.644104  -520.054260  18.000000
338.737183  -519.858032  28.000000
338.737183  -519.858032  18.000000
338.859131  -519.679321  28.000000
338.859131  -519.679321  18.000000
339.010803  -519.518494  28.000000
339.010803  -519.518494  18.000000
339.193146  -519.375793  28.000000
339.193146  -519.375793  18.000000
339.407043  -519.251587  28.000000
339.407043  -519.251587  18.000000
339.653412  -519.146118  28.000000
339.653412  -519.146118  18.000000
339.933136  -519.059692  28.000000
339.933136  -519.059692  18.000000
340.247162  -518.992554  28.000000
340.247162  -518.992554  18.000000
340.596344  -518.945129  28.000000
340.596344  -518.945129  18.000000
341.210510  -518.874146  28.000000
341.210510  -518.874146  18.000000
341.823212  -518.789185  28.000000
341.823212  -518.789185  18.000000
