3 2 1 
46 49 48 
107 105 106 
34 37 43 
2 10 9 
28 67 65 
12 16 14 
85 21 19 
17 116 115 
19 20 22 
111 106 109 
14 11 12 
31 74 63 
101 15 100 
28 27 26 
139 138 137 
42 43 37 
40 41 42 
82 24 81 
134 136 135 
45 46 47 
40 39 47 
127 124 83 
63 68 66 
98 5 80 
23 19 22 
27 73 70 
61 60 62 
87 85 50 
39 22 45 
33 72 64 
44 41 40 
115 101 108 
57 45 71 
76 79 77 
34 36 37 
80 5 3 
59 60 61 
4 8 2 
29 76 82 
84 95 81 
122 129 113 
114 115 116 
77 31 28 
54 48 49 
125 127 126 
8 7 10 
35 54 72 
90 89 91 
132 75 74 
134 136 133 
40 35 44 
24 26 21 
102 103 15 
16 101 104 
109 105 110 
108 111 112 
136 139 135 
64 59 51 
81 99 30 
88 90 87 
118 18 120 
116 121 118 
75 59 63 
95 112 110 
18 92 120 
102 123 103 
13 113 50 
124 84 83 
60 56 57 
96 92 97 
125 95 84 
120 128 118 
128 113 129 
52 54 53 
130 3 1 
117 122 113 
31 78 29 
1 131 130 
1 75 132 
55 59 54 
139 134 135 
137 133 134 
140 133 138 
3 4 2 
46 45 49 
107 108 105 
43 44 35 
35 34 43 
9 1 2 
2 8 10 
12 15 16 
17 121 116 
19 21 20 
111 107 106 
14 13 11 
31 32 74 
63 66 31 
66 67 28 
31 66 28 
101 16 15 
28 65 73 
27 20 21 
28 73 27 
76 77 26 
77 28 26 
26 82 76 
27 21 26 
139 140 138 
42 41 43 
37 38 42 
38 39 42 
39 40 42 
82 26 24 
81 29 82 
134 133 136 
46 48 47 
48 40 47 
39 45 47 
83 25 86 
25 85 86 
86 96 83 
96 127 83 
80 32 30 
32 31 29 
29 30 32 
30 99 80 
99 98 80 
23 85 19 
70 69 27 
69 57 71 
27 69 71 
89 90 88 
88 85 89 
85 23 50 
89 85 87 
50 93 87 
87 91 89 
38 36 51 
51 50 38 
50 23 22 
22 20 45 
20 27 45 
50 22 38 
27 71 45 
39 38 22 
44 43 41 
51 59 100 
59 9 10 
59 10 105 
100 59 101 
100 103 51 
114 104 101 
101 59 108 
115 114 101 
7 5 98 
59 105 108 
10 7 105 
112 17 115 
7 98 110 
7 110 105 
112 115 108 
57 49 45 
76 78 79 
33 36 34 
36 38 37 
5 7 4 
7 6 4 
4 3 5 
3 130 131 
131 80 3 
70 73 62 
73 65 68 
65 67 68 
67 66 68 
68 63 61 
63 59 61 
69 70 62 
73 68 62 
61 62 68 
4 6 8 
29 78 76 
95 94 81 
81 24 84 
24 25 84 
25 83 84 
116 117 114 
117 113 114 
77 79 31 
54 40 48 
125 124 127 
8 6 7 
72 33 34 
34 35 72 
74 32 131 
32 80 131 
131 132 74 
134 135 136 
40 54 35 
21 85 25 
25 24 21 
12 11 102 
103 100 15 
12 102 15 
13 14 104 
14 16 104 
109 106 105 
108 107 111 
136 140 139 
51 36 33 
64 72 54 
51 33 64 
64 54 59 
30 29 81 
81 94 99 
90 91 87 
87 93 88 
93 92 86 
88 93 86 
86 85 88 
118 119 18 
118 128 122 
128 129 122 
122 117 116 
121 119 118 
122 116 118 
63 74 75 
75 9 59 
18 119 17 
119 121 17 
96 97 18 
126 127 95 
127 96 18 
95 127 17 
99 94 110 
94 95 110 
17 127 18 
112 111 110 
111 109 110 
17 112 95 
110 98 99 
18 97 92 
50 51 11 
51 103 102 
103 123 102 
102 11 51 
113 92 93 
104 114 13 
114 113 13 
113 93 50 
11 13 50 
124 125 84 
60 59 55 
58 52 56 
60 55 58 
69 62 60 
56 53 57 
57 69 60 
60 58 56 
96 86 92 
125 126 95 
120 92 128 
128 92 113 
49 57 53 
53 56 52 
52 58 55 
55 54 52 
54 49 53 
31 79 78 
1 132 131 
1 9 75 
139 137 134 
137 138 133 
140 136 133 
