768 769 770 
1366 1367 1368 
1062 1063 1064 
912 913 914 
1300 1301 1302 
799 798 797 
1258 1259 1260 
1434 1435 1436 
1422 1423 1424 
256 257 258 
922 923 924 
1064 1065 1066 
124 125 126 
1244 1245 1246 
1251 1253 1252 
1206 1207 1208 
432 433 434 
1322 1323 1324 
1264 1265 1266 
1308 1309 1310 
773 776 774 
632 633 634 
742 743 744 
544 545 546 
758 759 760 
242 243 244 
608 606 605 
770 771 772 
1124 1125 1126 
1184 1185 1186 
1208 1209 1210 
192 193 194 
1234 1235 1236 
416 417 418 
1294 1295 1296 
1309 1312 1310 
478 479 480 
1396 1397 1398 
502 503 504 
780 781 782 
548 549 550 
1043 1044 1041 
150 151 152 
734 735 736 
1504 1505 1506 
700 701 702 
628 629 630 
736 737 738 
54 55 56 
864 865 866 
330 331 332 
186 187 188 
539 615 541 
366 367 368 
900 901 902 
88 89 90 
380 381 382 
112 113 114 
376 377 378 
1058 1059 1060 
1072 1073 1074 
1128 1129 1130 
732 733 734 
1210 1211 1212 
1214 1215 1216 
406 407 408 
1190 1191 1192 
1188 1189 1190 
1240 1241 1242 
1238 1239 1240 
357 359 360 
1256 1257 1258 
60 61 62 
372 373 374 
1296 1297 1298 
66 67 68 
472 473 474 
1364 1365 1366 
1014 1015 1016 
1368 1369 1370 
1378 1379 1380 
498 499 500 
718 715 717 
1400 1401 1402 
512 513 514 
538 539 540 
524 525 526 
1506 1507 1508 
564 565 566 
592 593 594 
596 597 598 
610 611 612 
640 641 642 
853 856 854 
138 139 140 
625 628 626 
1508 1509 1510 
144 145 146 
730 731 732 
1341 1340 1339 
522 523 524 
77 80 78 
1084 1085 1086 
1000 1001 1002 
830 831 832 
196 197 198 
851 850 849 
868 869 870 
30 31 32 
84 85 86 
1201 1203 1202 
26 27 28 
118 119 120 
892 893 894 
966 967 968 
322 323 324 
120 121 122 
1121 1124 1122 
244 245 246 
690 691 692 
218 219 220 
326 327 328 
1054 1055 1056 
1052 1053 1054 
1130 1131 1132 
378 379 380 
374 375 376 
1082 1083 1084 
114 115 116 
116 117 118 
421 424 422 
1146 1147 1148 
1098 1099 1100 
1108 1109 1110 
1110 1111 1112 
1114 1115 1116 
1126 1127 1128 
1112 1113 1114 
1136 1137 1138 
1140 1141 1142 
1370 1371 1372 
1186 1187 1188 
44 45 46 
48 49 50 
50 51 52 
1192 1193 1194 
1218 1219 1220 
52 53 54 
1230 1231 1232 
58 59 60 
428 429 430 
1268 1269 1270 
1242 1243 1244 
989 991 990 
1228 1229 1230 
1290 1291 1292 
1372 1373 1374 
574 575 576 
1304 1305 1306 
1324 1325 1326 
1326 1327 1328 
1316 1317 1318 
22 23 24 
1376 1377 1378 
492 493 494 
1392 1393 1394 
496 497 498 
1424 1425 1426 
1438 1439 1440 
1402 1403 1404 
883 886 884 
520 521 522 
510 508 507 
1452 1453 1454 
562 563 564 
489 488 487 
540 541 542 
598 599 600 
262 263 264 
1306 1307 1308 
696 697 698 
618 619 620 
624 625 626 
616 617 618 
1450 1451 1452 
636 637 638 
1460 1461 1462 
1225 1228 1226 
148 149 150 
1500 1501 1502 
164 165 166 
162 163 164 
160 161 162 
738 739 740 
170 171 172 
614 615 616 
1498 1499 1500 
531 534 532 
694 695 696 
748 749 750 
572 573 574 
956 957 958 
826 827 828 
1312 1313 1314 
778 779 780 
179 182 180 
858 859 860 
755 757 756 
766 767 768 
212 213 214 
188 189 190 
1232 1233 1234 
224 225 226 
226 227 228 
582 583 584 
220 221 222 
842 843 844 
227 230 228 
236 237 238 
82 83 84 
234 235 236 
620 621 622 
260 261 262 
1493 1496 1494 
28 29 30 
210 211 212 
254 255 256 
888 889 890 
1002 1003 1004 
821 824 822 
764 765 766 
762 763 764 
916 917 918 
324 325 326 
782 783 784 
894 895 896 
962 963 964 
964 965 966 
954 955 956 
122 123 124 
590 591 592 
970 971 972 
557 559 558 
952 953 954 
950 951 952 
958 959 960 
328 329 330 
332 333 334 
338 339 340 
1080 1081 1082 
334 335 336 
108 109 110 
687 690 688 
368 369 370 
110 111 112 
1066 1067 1068 
362 363 364 
905 908 906 
382 383 384 
1070 1071 1072 
1060 1061 1062 
1076 1077 1078 
1068 1069 1070 
1078 1079 1080 
1056 1057 1058 
384 385 386 
1008 1009 1010 
1100 1101 1102 
1102 1103 1104 
1389 1391 1390 
1116 1117 1118 
1106 1107 1108 
1118 1119 1120 
1120 1121 1122 
126 127 128 
1138 1139 1140 
1134 1135 1136 
866 867 868 
1182 1183 1184 
46 47 48 
1212 1213 1214 
190 191 192 
370 371 372 
412 413 414 
546 547 548 
1489 1491 1492 
1216 1217 1218 
1196 1197 1198 
1220 1221 1222 
408 409 410 
410 411 412 
1260 1261 1262 
420 421 422 
56 57 58 
430 431 432 
1270 1271 1272 
1266 1267 1268 
1236 1237 1238 
426 427 428 
434 435 436 
424 425 426 
62 63 64 
133 135 134 
418 419 420 
1262 1263 1264 
68 69 70 
1091 1093 1092 
1410 1411 1412 
64 65 66 
462 463 464 
1440 1441 1442 
1398 1399 1400 
1314 1315 1316 
1298 1299 1300 
476 477 478 
468 469 470 
464 465 466 
474 475 476 
41 44 42 
470 471 472 
72 73 74 
1432 1433 1434 
1320 1321 1322 
494 495 496 
1292 1293 1294 
1404 1405 1406 
1394 1395 1396 
1428 1429 1430 
1408 1409 1410 
24 25 26 
1426 1427 1428 
500 501 502 
518 519 520 
1436 1437 1438 
514 515 516 
516 517 518 
336 337 338 
1454 1455 1456 
1464 1465 1466 
1462 1463 1464 
247 250 248 
526 527 528 
1150 1149 1151 
536 537 538 
395 397 396 
580 581 582 
550 551 552 
319 322 320 
566 567 568 
578 579 580 
568 569 570 
570 571 572 
576 577 578 
1512 1513 1514 
466 467 468 
586 587 588 
612 613 614 
594 595 596 
588 589 590 
315 317 318 
1198 1199 1200 
945 947 946 
874 875 876 
453 455 456 
142 143 144 
1496 1497 1498 
1502 1503 1504 
642 643 644 
622 623 624 
692 693 694 
634 635 636 
630 631 632 
599 602 600 
1514 1515 1516 
740 741 742 
140 141 142 
152 153 154 
158 159 160 
154 155 156 
708 709 710 
168 169 170 
20 21 22 
702 703 704 
103 105 104 
174 175 176 
172 173 174 
17 19 18 
698 699 700 
34 35 36 
704 705 706 
166 167 168 
706 707 708 
146 147 148 
638 639 640 
746 747 748 
644 645 646 
744 745 746 
726 727 728 
534 535 536 
542 543 544 
1456 1457 1458 
1417 1419 1418 
1458 1459 1460 
1406 1407 1408 
1430 1431 1432 
203 205 204 
184 185 186 
194 195 196 
771 774 772 
784 785 786 
786 787 788 
790 791 792 
94 95 96 
1194 1195 1196 
776 777 778 
182 183 184 
996 997 998 
214 215 216 
222 223 224 
890 891 892 
1318 1319 1320 
1448 1446 1445 
258 259 260 
32 33 34 
266 267 268 
760 761 762 
824 825 826 
229 232 230 
832 833 834 
828 829 830 
840 841 842 
238 239 240 
838 839 840 
836 837 838 
834 835 836 
862 863 864 
870 871 872 
860 861 862 
856 857 858 
216 217 218 
727 730 728 
872 873 874 
583 586 584 
1050 920 922 
240 241 242 
36 37 38 
246 247 248 
250 251 252 
252 253 254 
232 233 234 
80 81 82 
886 887 888 
896 897 898 
898 899 900 
86 87 88 
914 915 916 
910 911 912 
92 93 94 
920 921 922 
1374 1375 1376 
90 91 92 
96 97 98 
156 157 158 
960 961 962 
788 789 790 
1510 1511 1512 
70 71 72 
968 969 970 
1302 1303 1304 
1104 1105 1106 
480 481 482 
264 265 266 
994 995 996 
1004 1005 1006 
414 415 416 
1142 1143 1144 
908 909 910 
1144 1145 1146 
998 999 1000 
1285 1287 1286 
1006 1007 1008 
918 919 920 
1012 1013 1014 
683 685 684 
364 365 366 
340 341 342 
1074 1075 1076 
1132 1133 1134 
1010 1011 1012 
768 767 769 
1366 1365 1367 
1062 1061 1063 
912 911 913 
1300 1299 1301 
815 813 814 
813 811 812 
818 817 816 
809 806 807 
806 804 805 
817 815 816 
817 818 820 
814 813 812 
804 802 803 
820 818 819 
820 819 821 
802 800 801 
812 811 810 
822 820 821 
800 798 799 
810 811 809 
798 796 797 
816 815 814 
809 807 808 
796 794 793 
794 792 791 
810 809 808 
807 806 805 
794 791 793 
793 795 796 
795 797 796 
803 802 801 
805 804 803 
799 801 800 
1258 1257 1259 
1434 1433 1435 
1422 1421 1423 
256 255 257 
922 921 923 
1064 1063 1065 
124 123 125 
1244 1243 1245 
1252 1250 1249 
1250 1248 1247 
1248 1246 1245 
1247 1249 1250 
1249 1251 1252 
1248 1245 1247 
1256 1254 1255 
1254 1252 1253 
1255 1254 1253 
1206 1205 1207 
432 431 433 
1322 1321 1323 
1264 1263 1265 
1308 1307 1309 
773 775 776 
632 631 633 
742 741 743 
544 543 545 
758 757 759 
242 241 243 
606 604 605 
604 602 603 
605 604 603 
602 601 603 
605 607 608 
607 609 610 
610 608 607 
770 769 771 
1124 1123 1125 
1184 1183 1185 
1208 1207 1209 
192 191 193 
1234 1233 1235 
416 415 417 
1294 1293 1295 
1309 1311 1312 
478 477 479 
1396 1395 1397 
502 501 503 
780 779 781 
548 547 549 
1032 1030 1029 
1030 1028 1027 
1023 1024 1021 
1026 1024 1023 
1024 1022 1021 
1019 1020 1017 
1034 1032 1031 
1020 1019 1022 
1017 1020 1018 
1036 1034 1033 
1026 1023 1025 
1017 1018 1015 
1038 1036 1035 
1026 1025 1028 
1018 1016 1015 
1040 1038 1037 
1028 1025 1027 
1042 1040 1039 
1022 1019 1021 
1032 1029 1031 
1046 1044 1043 
1044 1042 1041 
1030 1027 1029 
1036 1033 1035 
1050 1048 1047 
1048 1046 1045 
1034 1031 1033 
1040 1037 1039 
1051 1052 1050 
1038 1035 1037 
1042 1039 1041 
1049 1051 1050 
1043 1045 1046 
1045 1047 1048 
1047 1049 1050 
150 149 151 
734 733 735 
1504 1503 1505 
700 699 701 
628 627 629 
736 735 737 
54 53 55 
864 863 865 
330 329 331 
186 185 187 
1501 1499 1507 
1499 1497 1509 
1507 1499 1509 
1497 1495 1511 
1495 1493 1515 
1493 1491 1519 
1491 1489 1523 
1495 1515 1513 
1491 1523 1521 
1503 1501 1507 
1507 1505 1503 
1511 1509 1497 
1513 1511 1495 
1519 1517 1493 
1517 1515 1493 
1521 1519 1491 
1489 1487 1 
1523 1489 1 
1487 1485 1 
3 1 1483 
3 1483 1481 
7 5 1481 
5 3 1481 
1485 1483 1 
1481 1479 39 
1479 1477 39 
1481 39 7 
9 7 39 
1477 1475 41 
11 9 39 
1475 1473 41 
1473 1471 41 
39 1477 41 
13 11 39 
1471 1469 41 
1469 1467 41 
15 13 39 
19 17 37 
17 15 39 
23 21 33 
21 19 35 
27 25 29 
25 23 31 
31 29 25 
35 33 21 
33 31 23 
39 37 17 
37 35 19 
1467 1465 41 
1465 1463 43 
41 1465 43 
1463 1461 45 
43 1463 45 
1461 1459 47 
45 1461 47 
1459 1457 47 
47 1457 49 
1457 1455 49 
49 1455 51 
1455 1453 51 
51 1453 53 
1453 1451 53 
53 1451 1449 
55 53 1449 
1447 1445 57 
1445 1443 57 
55 1449 1447 
57 55 1447 
1443 1441 1203 
57 1443 157 
1205 1441 1309 
59 57 155 
1441 1205 1203 
1313 1437 1315 
1437 1313 1439 
1441 1439 1311 
1315 1437 1317 
61 59 153 
1439 1313 1311 
1317 1437 1435 
1419 1417 1335 
1417 1415 1347 
1351 1415 1353 
1415 1413 1385 
1413 1411 1387 
1411 1409 1391 
1409 1407 1393 
1393 1407 1395 
1407 1405 1395 
1405 1403 1397 
1395 1405 1397 
1403 1401 1399 
1399 1397 1403 
1393 1391 1409 
1391 1389 1411 
1389 1387 1411 
1387 1385 1413 
1385 1383 1359 
1415 1385 1357 
1383 1381 1361 
1381 1379 1363 
1363 1379 1377 
1377 1375 1365 
1363 1377 1365 
1375 1373 1367 
1373 1371 1369 
1367 1373 1369 
1367 1365 1375 
1363 1361 1381 
1361 1359 1383 
1359 1357 1385 
1415 1351 1349 
1415 1355 1353 
1355 1415 1357 
1421 1419 1329 
1415 1349 1347 
1423 1421 1327 
1417 1341 1339 
1347 1345 1417 
1345 1343 1417 
1341 1417 1343 
1417 1339 1337 
1425 1423 1325 
1427 1425 1325 
1335 1417 1337 
1419 1333 1331 
1335 1333 1419 
1329 1419 1331 
1327 1421 1329 
1429 1427 1323 
1423 1327 1325 
1431 1429 1321 
1427 1325 1323 
1433 1431 1319 
1429 1323 1321 
1435 1433 1317 
1431 1321 1319 
1433 1319 1317 
63 61 151 
1441 1311 1309 
1205 1309 1307 
65 63 149 
1443 1203 529 
901 1203 1067 
1203 901 529 
901 1067 1065 
1205 1307 1207 
1307 1305 1207 
1207 1305 1209 
1305 1303 1209 
1303 1301 1211 
1209 1303 1211 
1301 1299 1211 
1285 1283 1223 
1283 1281 1223 
1285 1223 1287 
1281 1279 1223 
1279 1277 1223 
1277 1275 1225 
1275 1273 1253 
1225 1275 1251 
1273 1271 1255 
1271 1269 1257 
1273 1255 1253 
1269 1267 1259 
1267 1265 1261 
1265 1263 1261 
1261 1259 1267 
1259 1257 1269 
1257 1255 1271 
1253 1251 1275 
1251 1249 1225 
1249 1247 1225 
1247 1245 1225 
1245 1243 1227 
1243 1241 1229 
1241 1239 1231 
1239 1237 1233 
1237 1235 1233 
1233 1231 1239 
1231 1229 1241 
1229 1227 1243 
1227 1225 1245 
1225 1223 1277 
1287 1223 1289 
1223 1221 1289 
1289 1221 1291 
1221 1219 1291 
1291 1219 1293 
1219 1217 1293 
1293 1217 1295 
1217 1215 1295 
1295 1215 1297 
1215 1213 1297 
1297 1213 1299 
1213 1211 1299 
901 1065 903 
67 65 147 
903 1065 907 
1203 1201 1067 
913 1059 1057 
1059 913 911 
1059 911 1061 
1201 1199 1067 
69 67 145 
1061 911 909 
1199 1197 1069 
1199 1069 1067 
1197 1195 1071 
1069 1197 1071 
1195 1193 1073 
1193 1191 1075 
1071 1195 1073 
1191 1189 1077 
1179 1177 1087 
1177 1175 1089 
1085 1181 1179 
1175 1173 1089 
1173 1171 1089 
1179 1087 1085 
1171 1169 1091 
1181 1085 1183 
1087 1177 1089 
1169 1167 1093 
1159 1157 1093 
1157 1155 1095 
1093 1157 1095 
1155 1153 1095 
1153 1151 1095 
1151 1149 1095 
1149 1147 1123 
1147 1145 1125 
1145 1143 1127 
1143 1141 1129 
1141 1139 1131 
1139 1137 1133 
1137 1135 1133 
1133 1131 1139 
1131 1129 1141 
1129 1127 1143 
1127 1125 1145 
1125 1123 1147 
1123 1121 1095 
1121 1119 1097 
1095 1121 1097 
1119 1117 1097 
1117 1115 1099 
1097 1117 1099 
1115 1113 1101 
1113 1111 1103 
1111 1109 1105 
1109 1107 1105 
1105 1103 1111 
1103 1101 1113 
1101 1099 1115 
1149 1123 1095 
1161 1159 1093 
1163 1161 1093 
1091 1089 1171 
1169 1093 1091 
1163 1093 1165 
1165 1093 1167 
1085 1083 1183 
1083 1081 1185 
1081 1079 1187 
1183 1083 1185 
1079 1077 1189 
1185 1081 1187 
1077 1075 1191 
1187 1079 1189 
1075 1073 1193 
71 69 143 
1061 909 1063 
1063 909 907 
1063 907 1065 
913 1057 915 
915 1057 1055 
915 1055 1053 
915 1053 917 
917 1053 1051 
917 1051 919 
1047 1045 921 
1045 1043 923 
1045 923 921 
1043 1041 923 
929 1039 1037 
1049 1047 921 
1039 929 927 
1039 927 1041 
931 1037 1035 
1037 931 929 
931 1035 933 
933 1035 1033 
933 1031 935 
1031 933 1033 
935 1029 937 
1029 935 1031 
937 1029 1027 
937 1027 939 
1019 1017 987 
1017 1015 989 
1019 983 981 
1015 1013 993 
1013 1011 997 
997 1011 999 
1011 1009 999 
1009 1007 1001 
999 1009 1001 
1007 1005 1003 
1003 1001 1007 
997 995 1013 
995 993 1013 
993 991 1015 
991 989 1015 
989 987 1017 
987 985 1019 
1021 1019 981 
983 1019 985 
1021 979 943 
1023 1021 941 
979 1021 981 
943 979 977 
1025 1023 939 
941 1021 943 
1027 1025 939 
975 973 947 
973 971 949 
977 975 945 
1023 941 939 
973 949 947 
971 969 951 
949 971 951 
969 967 953 
967 965 955 
953 967 955 
965 963 957 
963 961 959 
957 963 959 
957 955 965 
953 951 969 
947 945 975 
945 943 977 
1051 1049 919 
1041 927 925 
1041 925 923 
1049 921 919 
73 71 139 
157 1443 529 
79 77 97 
77 75 133 
83 93 85 
81 79 95 
93 83 95 
85 93 91 
57 157 155 
153 59 155 
83 81 95 
85 91 87 
61 153 151 
87 91 89 
149 63 151 
65 149 147 
907 905 903 
95 79 97 
97 77 99 
143 69 145 
71 141 139 
99 77 101 
141 71 143 
901 899 777 
73 139 75 
899 897 779 
77 133 131 
101 77 131 
75 139 137 
897 895 781 
135 75 137 
107 105 127 
105 103 131 
103 101 131 
75 135 133 
895 893 783 
893 891 785 
105 131 129 
105 129 127 
111 109 125 
109 107 127 
115 113 121 
113 111 123 
115 121 119 
119 117 115 
123 121 113 
127 125 109 
125 123 111 
891 889 787 
145 67 147 
889 887 789 
887 885 791 
883 881 795 
881 879 797 
885 883 793 
879 877 808 
877 875 851 
810 877 812 
781 895 783 
877 810 808 
875 873 853 
873 871 855 
871 869 857 
869 867 859 
867 865 861 
865 863 861 
861 859 867 
859 857 869 
857 855 871 
855 853 873 
853 851 875 
851 849 877 
877 849 816 
847 845 819 
845 843 821 
849 847 818 
816 849 818 
812 877 814 
814 877 816 
783 893 785 
887 791 789 
845 821 819 
843 841 821 
841 839 823 
839 837 825 
823 839 825 
837 835 827 
835 833 829 
833 831 829 
829 827 835 
827 825 837 
823 821 841 
819 818 847 
791 885 793 
891 787 785 
787 889 789 
159 157 247 
808 807 879 
807 805 879 
805 803 879 
803 801 879 
801 799 879 
799 797 879 
797 795 881 
795 793 883 
161 159 245 
897 781 779 
163 161 243 
165 163 241 
899 779 777 
167 165 239 
169 167 237 
901 777 775 
171 169 235 
901 775 771 
529 901 625 
173 171 233 
157 529 527 
157 527 247 
245 159 247 
175 173 231 
163 243 241 
181 179 199 
179 177 231 
203 179 229 
177 175 231 
165 241 239 
183 181 197 
179 203 201 
199 179 201 
187 185 193 
185 183 195 
191 189 187 
195 193 185 
193 191 187 
199 197 181 
197 195 183 
209 207 229 
207 205 229 
209 229 211 
211 227 213 
227 211 229 
205 203 229 
215 213 225 
215 225 223 
219 217 221 
217 215 223 
223 221 217 
227 225 213 
231 229 179 
167 239 237 
161 245 243 
775 773 771 
233 231 173 
771 769 627 
769 767 629 
901 771 625 
235 233 171 
237 235 169 
767 765 631 
765 763 633 
771 627 625 
763 761 635 
627 769 629 
761 759 639 
759 757 641 
629 767 631 
755 753 675 
753 751 721 
675 753 677 
631 765 633 
751 749 723 
753 719 677 
249 247 527 
251 249 419 
633 763 635 
419 249 421 
719 753 721 
749 747 725 
751 723 721 
253 251 417 
417 251 419 
255 253 415 
747 745 727 
257 255 415 
253 417 415 
259 257 413 
723 749 725 
745 743 729 
261 259 411 
257 415 413 
263 261 407 
757 755 663 
671 755 673 
743 741 731 
741 739 733 
731 741 733 
739 737 735 
735 733 739 
731 729 743 
729 727 745 
727 725 747 
719 717 679 
717 715 683 
713 711 687 
711 709 687 
677 719 679 
709 707 689 
687 709 689 
715 713 685 
707 705 691 
705 703 693 
691 705 693 
703 701 695 
701 699 697 
695 701 697 
695 693 703 
691 689 707 
687 685 713 
685 683 715 
683 681 717 
755 671 669 
265 263 405 
259 413 411 
267 265 405 
673 755 675 
681 679 717 
269 267 403 
261 411 409 
273 271 403 
271 269 403 
277 275 403 
275 273 403 
281 279 403 
279 277 403 
403 267 405 
285 283 401 
283 281 403 
291 289 399 
289 287 401 
401 283 403 
287 285 401 
263 407 405 
261 409 407 
319 317 343 
317 315 347 
319 343 341 
323 321 337 
321 319 339 
327 325 333 
325 323 335 
327 333 331 
331 329 327 
335 333 325 
339 337 321 
337 335 323 
341 339 319 
347 345 317 
345 343 317 
315 313 349 
349 347 315 
349 313 351 
351 313 389 
313 311 389 
311 309 389 
353 351 389 
309 307 389 
355 353 389 
307 305 391 
389 307 391 
361 359 385 
359 357 387 
361 385 383 
357 355 389 
305 303 391 
363 361 383 
367 365 379 
365 363 381 
381 363 383 
371 369 375 
369 367 377 
375 369 377 
375 373 371 
379 377 367 
381 379 365 
387 385 359 
393 391 303 
297 395 299 
389 387 357 
303 301 393 
301 299 393 
395 393 299 
395 297 295 
395 295 397 
399 397 291 
293 397 295 
401 399 289 
397 293 291 
755 669 667 
755 667 665 
755 665 663 
757 663 661 
659 657 757 
657 655 757 
757 661 659 
655 653 757 
653 651 757 
651 649 757 
649 647 757 
421 249 527 
757 647 645 
423 421 527 
757 645 643 
757 643 641 
425 423 525 
427 425 523 
641 639 759 
639 637 761 
429 427 519 
431 429 517 
637 635 761 
433 431 513 
423 527 525 
435 433 511 
523 425 525 
437 435 509 
441 439 509 
439 437 509 
509 435 511 
445 443 507 
443 441 507 
449 447 507 
447 445 507 
453 451 505 
451 449 507 
505 451 507 
457 455 485 
455 453 505 
485 455 487 
461 459 483 
459 457 483 
483 457 485 
465 463 477 
463 461 481 
477 463 479 
469 467 473 
467 465 475 
475 465 477 
473 471 469 
475 473 467 
481 479 463 
483 481 461 
489 487 505 
505 487 455 
493 491 503 
491 489 505 
493 503 501 
497 495 499 
495 493 501 
501 499 495 
505 503 491 
509 507 441 
427 523 521 
519 427 521 
429 519 517 
625 623 531 
513 511 433 
623 621 533 
529 625 531 
621 619 535 
515 513 431 
619 617 537 
531 623 533 
617 615 539 
517 515 431 
615 613 541 
533 621 535 
613 611 543 
607 605 555 
605 603 557 
557 603 583 
603 601 585 
601 599 585 
585 599 587 
599 597 587 
597 595 589 
587 597 589 
595 593 591 
591 589 595 
585 583 603 
583 581 563 
581 579 565 
563 581 565 
579 577 567 
577 575 569 
569 575 571 
575 573 571 
569 567 577 
567 565 579 
563 561 583 
561 559 583 
557 555 605 
555 553 607 
559 557 583 
607 553 551 
609 607 549 
607 551 549 
611 609 547 
609 549 547 
535 619 537 
611 547 545 
537 617 539 
611 545 543 
543 541 613 
366 365 367 
900 899 901 
88 87 89 
380 379 381 
112 111 113 
376 375 377 
1058 1057 1059 
1072 1071 1073 
1128 1127 1129 
732 731 733 
1210 1209 1211 
1214 1213 1215 
406 405 407 
1190 1189 1191 
1188 1187 1189 
1240 1239 1241 
1238 1237 1239 
352 350 349 
350 348 347 
345 348 346 
346 344 343 
344 342 341 
354 352 351 
348 345 347 
344 341 343 
356 354 353 
343 345 346 
352 349 351 
360 358 357 
358 356 355 
350 347 349 
356 353 355 
361 362 360 
354 351 353 
358 355 357 
359 361 360 
1256 1255 1257 
60 59 61 
372 371 373 
1296 1295 1297 
66 65 67 
472 471 473 
1364 1363 1365 
1014 1013 1015 
1368 1367 1369 
1378 1377 1379 
498 497 499 
722 720 721 
720 718 719 
722 723 724 
716 714 713 
714 712 711 
711 712 709 
723 722 721 
724 723 725 
712 710 709 
726 724 725 
718 716 715 
714 711 713 
713 715 716 
721 720 719 
717 719 718 
1400 1399 1401 
512 511 513 
538 537 539 
524 523 525 
1506 1505 1507 
564 563 565 
592 591 593 
596 595 597 
610 609 611 
640 639 641 
853 855 856 
138 137 139 
625 627 628 
1508 1507 1509 
144 143 145 
730 729 731 
1354 1352 1353 
1352 1350 1351 
1358 1357 1359 
1348 1346 1347 
1346 1344 1345 
1356 1354 1355 
1357 1358 1356 
1354 1353 1355 
1344 1342 1343 
1353 1352 1351 
1358 1359 1360 
1342 1340 1341 
1360 1359 1361 
1360 1361 1362 
1340 1338 1339 
1362 1361 1363 
1351 1350 1349 
1338 1336 1337 
1349 1350 1348 
1364 1362 1363 
1336 1334 1335 
1349 1348 1347 
1357 1356 1355 
1334 1332 1333 
1332 1330 1329 
1330 1328 1327 
1347 1346 1345 
1344 1343 1345 
1330 1327 1329 
1329 1331 1332 
1331 1333 1332 
1343 1342 1341 
1335 1337 1336 
1337 1339 1338 
1335 1334 1333 
522 521 523 
78 76 77 
76 74 75 
77 76 75 
74 73 75 
77 79 80 
1084 1083 1085 
1000 999 1001 
830 829 831 
196 195 197 
852 850 851 
850 848 849 
852 851 853 
846 844 843 
854 852 853 
848 846 845 
846 843 845 
845 847 848 
847 849 848 
868 867 869 
30 29 31 
84 83 85 
1205 1206 1204 
1202 1200 1199 
1205 1204 1203 
1204 1202 1203 
1199 1201 1202 
26 25 27 
118 117 119 
892 891 893 
966 965 967 
322 321 323 
120 119 121 
1121 1123 1124 
244 243 245 
690 689 691 
218 217 219 
326 325 327 
1054 1053 1055 
1052 1051 1053 
1130 1129 1131 
378 377 379 
374 373 375 
1082 1081 1083 
114 113 115 
116 115 117 
421 423 424 
1146 1145 1147 
1098 1097 1099 
1108 1107 1109 
1110 1109 1111 
1114 1113 1115 
1126 1125 1127 
1112 1111 1113 
1136 1135 1137 
1140 1139 1141 
1370 1369 1371 
1186 1185 1187 
44 43 45 
48 47 49 
50 49 51 
1192 1191 1193 
1218 1217 1219 
52 51 53 
1230 1229 1231 
58 57 59 
428 427 429 
1268 1267 1269 
1242 1241 1243 
980 978 977 
978 976 975 
975 976 973 
974 972 971 
982 980 979 
976 974 973 
974 971 973 
975 977 978 
980 977 979 
986 984 983 
984 982 981 
979 981 982 
984 981 983 
990 988 987 
988 986 985 
983 985 986 
988 985 987 
994 992 993 
992 990 991 
993 992 991 
987 989 990 
1228 1227 1229 
1290 1289 1291 
1372 1371 1373 
574 573 575 
1304 1303 1305 
1324 1323 1325 
1326 1325 1327 
1316 1315 1317 
22 21 23 
1376 1375 1377 
492 491 493 
1392 1391 1393 
496 495 497 
1424 1423 1425 
1438 1437 1439 
1402 1401 1403 
880 878 879 
878 876 877 
879 878 877 
876 875 877 
879 881 880 
881 883 882 
880 881 882 
884 882 883 
883 885 886 
520 519 521 
508 506 507 
506 504 505 
507 506 505 
504 503 505 
507 509 510 
509 511 512 
512 510 509 
1452 1451 1453 
562 561 563 
490 488 489 
488 486 487 
490 489 491 
484 482 481 
492 490 491 
486 484 483 
484 481 483 
483 485 486 
485 487 486 
540 539 541 
598 597 599 
262 261 263 
1306 1305 1307 
696 695 697 
618 617 619 
624 623 625 
616 615 617 
1450 1449 1451 
636 635 637 
1460 1459 1461 
1226 1224 1225 
1224 1222 1223 
1225 1224 1223 
1222 1221 1223 
1225 1227 1228 
148 147 149 
1500 1499 1501 
164 163 165 
162 161 163 
160 159 161 
738 737 739 
170 169 171 
614 613 615 
1498 1497 1499 
532 530 531 
530 528 529 
531 530 529 
528 527 529 
531 533 534 
694 693 695 
748 747 749 
572 571 573 
956 955 957 
826 825 827 
1312 1311 1313 
778 777 779 
180 178 179 
178 176 177 
179 178 177 
176 175 177 
179 181 182 
858 857 859 
756 754 753 
754 752 751 
752 750 749 
751 753 754 
753 755 756 
752 749 751 
757 758 756 
766 765 767 
212 211 213 
188 187 189 
1232 1231 1233 
224 223 225 
226 225 227 
582 581 583 
220 219 221 
842 841 843 
227 229 230 
236 235 237 
82 81 83 
234 233 235 
620 619 621 
260 259 261 
1493 1495 1496 
28 27 29 
210 209 211 
254 253 255 
888 887 889 
1002 1001 1003 
821 823 824 
764 763 765 
762 761 763 
916 915 917 
324 323 325 
782 781 783 
894 893 895 
962 961 963 
964 963 965 
954 953 955 
122 121 123 
590 589 591 
970 969 971 
558 556 555 
556 554 553 
554 552 551 
553 555 556 
555 557 558 
554 551 553 
562 560 561 
560 558 559 
561 560 559 
952 951 953 
950 949 951 
958 957 959 
328 327 329 
332 331 333 
338 337 339 
1080 1079 1081 
334 333 335 
108 107 109 
687 689 690 
368 367 369 
110 109 111 
1066 1065 1067 
362 361 363 
906 904 905 
904 902 903 
905 904 903 
902 901 903 
905 907 908 
382 381 383 
1070 1069 1071 
1060 1059 1061 
1076 1075 1077 
1068 1067 1069 
1078 1077 1079 
1056 1055 1057 
384 383 385 
1008 1007 1009 
1100 1099 1101 
1102 1101 1103 
1388 1386 1385 
1386 1384 1383 
1383 1384 1381 
1382 1380 1379 
1390 1388 1387 
1384 1382 1381 
1382 1379 1381 
1383 1385 1386 
1388 1385 1387 
1391 1392 1390 
1387 1389 1390 
1116 1115 1117 
1106 1105 1107 
1118 1117 1119 
1120 1119 1121 
126 125 127 
1138 1137 1139 
1134 1133 1135 
866 865 867 
1182 1181 1183 
46 45 47 
1212 1211 1213 
190 189 191 
370 369 371 
412 411 413 
546 545 547 
1480 1478 1477 
1478 1476 1475 
1471 1474 1472 
1472 1470 1469 
1467 1470 1468 
1482 1480 1479 
1474 1471 1473 
1470 1467 1469 
1467 1468 1465 
1484 1482 1481 
1474 1473 1476 
1468 1466 1465 
1486 1484 1483 
1476 1473 1475 
1488 1486 1485 
1469 1471 1472 
1480 1477 1479 
1492 1490 1489 
1490 1488 1487 
1478 1475 1477 
1484 1481 1483 
1493 1494 1492 
1482 1479 1481 
1486 1483 1485 
1491 1493 1492 
1485 1487 1488 
1487 1489 1490 
1216 1215 1217 
1196 1195 1197 
1220 1219 1221 
408 407 409 
410 409 411 
1260 1259 1261 
420 419 421 
56 55 57 
430 429 431 
1270 1269 1271 
1266 1265 1267 
1236 1235 1237 
426 425 427 
434 433 435 
424 423 425 
62 61 63 
134 132 131 
132 130 129 
130 128 127 
129 131 132 
131 133 134 
130 127 129 
138 136 137 
136 134 135 
137 136 135 
418 417 419 
1262 1261 1263 
68 67 69 
1096 1094 1095 
1094 1092 1093 
1096 1095 1097 
1090 1088 1087 
1088 1086 1085 
1098 1096 1097 
1088 1085 1087 
1095 1094 1093 
1092 1090 1089 
1087 1089 1090 
1089 1091 1092 
1410 1409 1411 
64 63 65 
462 461 463 
1440 1439 1441 
1398 1397 1399 
1314 1313 1315 
1298 1297 1299 
476 475 477 
468 467 469 
464 463 465 
474 473 475 
42 40 41 
40 38 39 
41 40 39 
38 37 39 
41 43 44 
470 469 471 
72 71 73 
1432 1431 1433 
1320 1319 1321 
494 493 495 
1292 1291 1293 
1404 1403 1405 
1394 1393 1395 
1428 1427 1429 
1408 1407 1409 
24 23 25 
1426 1425 1427 
500 499 501 
518 517 519 
1436 1435 1437 
514 513 515 
516 515 517 
336 335 337 
1454 1453 1455 
1464 1463 1465 
1462 1461 1463 
247 249 250 
526 525 527 
1178 1176 1177 
1176 1174 1175 
1178 1179 1180 
1172 1170 1171 
1170 1168 1169 
1175 1174 1173 
1179 1178 1177 
1180 1179 1181 
1168 1166 1167 
1182 1180 1181 
1173 1174 1172 
1166 1164 1165 
1173 1172 1171 
1164 1162 1163 
1175 1177 1176 
1170 1169 1171 
1162 1160 1161 
1160 1158 1159 
1166 1165 1167 
1169 1168 1167 
1158 1156 1157 
1156 1154 1155 
1162 1161 1163 
1165 1164 1163 
1154 1152 1153 
1152 1150 1151 
1158 1157 1159 
1161 1160 1159 
1150 1148 1147 
1157 1156 1155 
1150 1147 1149 
1151 1153 1152 
1153 1155 1154 
536 535 537 
402 400 401 
400 398 399 
402 403 404 
396 394 393 
394 392 391 
389 390 387 
403 402 401 
404 403 405 
390 389 392 
387 390 388 
406 404 405 
387 388 385 
388 386 385 
398 396 397 
399 401 400 
399 398 397 
389 391 392 
394 391 393 
393 395 396 
580 579 581 
550 549 551 
319 321 322 
566 565 567 
578 577 579 
568 567 569 
570 569 571 
576 575 577 
1512 1511 1513 
466 465 467 
586 585 587 
612 611 613 
594 593 595 
588 587 589 
282 280 279 
280 278 277 
273 276 274 
274 272 271 
269 272 270 
284 282 281 
276 273 275 
272 269 271 
269 270 267 
286 284 283 
276 275 278 
270 268 267 
288 286 285 
278 275 277 
290 288 287 
271 273 274 
282 279 281 
294 292 291 
292 290 289 
280 277 279 
286 283 285 
298 296 295 
296 294 293 
284 281 283 
290 287 289 
302 300 299 
300 298 297 
288 285 287 
294 291 293 
306 304 303 
304 302 301 
292 289 291 
298 295 297 
310 308 307 
308 306 305 
296 293 295 
302 299 301 
314 312 311 
312 310 309 
300 297 299 
306 303 305 
318 316 315 
316 314 313 
304 301 303 
310 307 309 
319 320 318 
308 305 307 
312 309 311 
317 319 318 
311 313 314 
313 315 316 
1198 1197 1199 
930 928 927 
928 926 925 
926 924 923 
925 927 928 
927 929 930 
926 923 925 
934 932 931 
932 930 929 
929 931 932 
931 933 934 
938 936 935 
936 934 933 
933 935 936 
935 937 938 
942 940 939 
940 938 937 
937 939 940 
939 941 942 
946 944 943 
944 942 941 
941 943 944 
943 945 946 
950 948 949 
948 946 947 
949 948 947 
874 873 875 
448 446 445 
446 444 443 
441 442 439 
442 440 439 
440 438 437 
437 438 435 
450 448 447 
442 441 444 
438 436 435 
452 450 449 
444 441 443 
454 452 451 
440 437 439 
448 445 447 
458 456 455 
456 454 453 
446 443 445 
452 449 451 
462 460 461 
460 458 459 
461 460 459 
450 447 449 
454 451 453 
455 457 458 
457 459 458 
142 141 143 
1496 1495 1497 
1502 1501 1503 
642 641 643 
622 621 623 
692 691 693 
634 633 635 
630 629 631 
599 601 602 
1514 1513 1515 
740 739 741 
140 139 141 
152 151 153 
158 157 159 
154 153 155 
708 707 709 
168 167 169 
20 19 21 
702 701 703 
104 102 101 
102 100 99 
100 98 97 
99 101 102 
101 103 104 
100 97 99 
108 106 107 
106 104 105 
107 106 105 
174 173 175 
172 171 173 
1524 1522 1521 
1522 1520 1519 
1519 1520 1517 
1518 1516 1515 
2 1524 1523 
1520 1518 1517 
1518 1515 1517 
1519 1521 1522 
1524 1521 1523 
6 4 3 
4 2 1 
1523 1 2 
4 1 3 
10 8 7 
8 6 5 
3 5 6 
8 5 7 
14 12 11 
12 10 9 
7 9 10 
12 9 11 
18 16 15 
16 14 13 
11 13 14 
16 13 15 
19 20 18 
15 17 18 
698 697 699 
34 33 35 
704 703 705 
166 165 167 
706 705 707 
146 145 147 
638 637 639 
746 745 747 
644 643 645 
744 743 745 
726 725 727 
534 533 535 
542 541 543 
1456 1455 1457 
1418 1416 1415 
1416 1414 1413 
1414 1412 1411 
1413 1415 1416 
1415 1417 1418 
1414 1411 1413 
1422 1420 1421 
1420 1418 1419 
1421 1420 1419 
1458 1457 1459 
1406 1405 1407 
1430 1429 1431 
208 206 207 
206 204 205 
208 207 209 
202 200 199 
200 198 197 
210 208 209 
200 197 199 
207 206 205 
204 202 201 
199 201 202 
201 203 204 
184 183 185 
194 193 195 
771 773 774 
784 783 785 
786 785 787 
790 789 791 
94 93 95 
1194 1193 1195 
776 775 777 
182 181 183 
996 995 997 
214 213 215 
222 221 223 
890 889 891 
1318 1317 1319 
1446 1444 1445 
1444 1442 1443 
1445 1444 1443 
1442 1441 1443 
1445 1447 1448 
1447 1449 1450 
1450 1448 1447 
258 257 259 
32 31 33 
266 265 267 
760 759 761 
824 823 825 
229 231 232 
832 831 833 
828 827 829 
840 839 841 
238 237 239 
838 837 839 
836 835 837 
834 833 835 
862 861 863 
870 869 871 
860 859 861 
856 855 857 
216 215 217 
727 729 730 
872 871 873 
583 585 586 
178 180 232 
180 182 200 
230 204 206 
182 184 198 
184 186 196 
198 184 196 
186 188 194 
188 190 192 
194 188 192 
194 196 186 
198 200 182 
200 202 180 
202 204 180 
204 230 180 
206 208 230 
208 210 230 
230 210 212 
228 212 214 
214 216 226 
226 216 224 
216 218 224 
218 220 222 
224 218 222 
226 228 214 
228 230 212 
230 232 180 
176 178 232 
174 176 232 
174 232 234 
172 174 234 
172 234 236 
170 172 236 
170 236 238 
168 170 238 
168 238 240 
166 168 240 
166 240 242 
164 166 242 
164 242 244 
162 164 244 
162 244 246 
160 162 246 
160 246 248 
158 160 248 
158 248 528 
248 250 528 
528 422 424 
156 158 58 
422 528 250 
156 58 60 
250 252 420 
154 156 60 
58 158 1444 
132 134 78 
134 136 76 
78 134 76 
128 130 106 
130 132 106 
128 106 108 
124 126 112 
126 128 110 
112 126 110 
120 122 116 
122 124 114 
116 118 120 
112 114 124 
114 116 122 
108 110 128 
104 106 132 
98 100 78 
100 102 78 
96 98 80 
102 104 132 
102 132 78 
94 96 84 
98 78 80 
90 92 88 
92 94 86 
86 88 92 
82 84 96 
84 86 94 
80 82 96 
136 138 76 
138 140 76 
74 76 140 
74 140 72 
140 142 72 
72 142 144 
70 72 144 
70 144 146 
68 70 146 
68 146 148 
66 68 148 
66 148 150 
64 66 150 
64 150 152 
62 64 152 
62 152 154 
60 62 154 
1444 158 1442 
1442 158 528 
252 254 418 
54 1454 52 
56 58 1448 
1454 54 1452 
52 1454 1456 
254 256 416 
1452 54 1450 
54 56 1450 
52 1456 50 
270 272 404 
272 274 404 
274 276 404 
276 278 404 
278 280 404 
280 282 404 
282 284 404 
284 286 402 
288 290 402 
290 292 400 
402 290 400 
284 402 404 
286 288 402 
292 294 398 
38 40 18 
40 42 1478 
14 40 12 
34 36 22 
36 38 20 
22 36 20 
30 32 26 
32 34 24 
26 28 30 
22 24 34 
24 26 32 
18 20 38 
16 18 40 
40 14 16 
12 40 10 
10 40 8 
8 40 1482 
4 6 1482 
6 8 1482 
1482 40 1480 
1480 40 1478 
42 44 1466 
2 4 1484 
1524 2 1490 
1518 1520 1494 
1520 1522 1492 
1522 1524 1492 
4 1482 1484 
44 46 1464 
1516 1518 1494 
1520 1492 1494 
1516 1494 1496 
1512 1514 1496 
1514 1516 1496 
1508 1510 1500 
1510 1512 1498 
1500 1510 1498 
1504 1506 1508 
1500 1502 1508 
1502 1504 1508 
1496 1498 1512 
1490 1492 1524 
1478 42 1476 
1490 2 1488 
1486 1488 2 
1484 1486 2 
1472 1474 42 
1474 1476 42 
1468 42 1466 
1470 1472 42 
42 1468 1470 
46 48 1462 
1466 44 1464 
1464 46 1462 
48 50 1458 
1462 48 1460 
1460 48 1458 
50 1456 1458 
256 258 416 
1450 56 1448 
1448 58 1446 
1446 58 1444 
422 250 420 
1318 1438 1316 
1316 1438 1314 
1314 1440 1312 
1438 1318 1436 
258 260 414 
1440 1314 1438 
1312 1440 1442 
1436 1318 1434 
1434 1320 1432 
1320 1434 1318 
1432 1320 1322 
1432 1322 1430 
1416 1418 1348 
1418 1420 1336 
1416 1352 1354 
1412 1414 1388 
1414 1416 1386 
1388 1414 1386 
1408 1410 1394 
1410 1412 1392 
1408 1394 1396 
1404 1406 1398 
1406 1408 1396 
1400 1402 1404 
1396 1398 1406 
1398 1400 1404 
1392 1394 1410 
1388 1390 1412 
1390 1392 1412 
1384 1386 1360 
1380 1382 1364 
1382 1384 1362 
1380 1364 1378 
1376 1378 1366 
1372 1374 1370 
1374 1376 1368 
1368 1370 1374 
1364 1366 1378 
1366 1368 1376 
1360 1362 1384 
1362 1364 1382 
1358 1360 1386 
1386 1416 1358 
1352 1416 1350 
1416 1356 1358 
1356 1416 1354 
1350 1416 1348 
1420 1422 1330 
1422 1424 1328 
1348 1418 1346 
1342 1418 1340 
1344 1346 1418 
1418 1342 1344 
1340 1418 1338 
1424 1426 1326 
1426 1428 1326 
1418 1336 1338 
1420 1334 1336 
1420 1330 1332 
1332 1334 1420 
1422 1328 1330 
1328 1424 1326 
1428 1430 1324 
1326 1428 1324 
1430 1322 1324 
260 262 412 
1312 1442 1310 
1310 1442 1206 
528 424 526 
420 252 418 
254 416 418 
416 258 414 
1308 1310 1206 
262 264 408 
1306 1308 1208 
414 260 412 
1304 1306 1210 
526 424 426 
1302 1304 1212 
1300 1302 1212 
526 426 524 
1298 1300 1214 
522 428 520 
1296 1298 1216 
428 522 524 
520 428 430 
1294 1296 1218 
1292 1294 1220 
428 524 426 
316 318 348 
318 320 344 
344 320 342 
320 322 340 
322 324 338 
340 322 338 
324 326 336 
326 328 334 
334 328 332 
328 330 332 
334 336 326 
336 338 324 
340 342 320 
344 346 318 
346 348 318 
314 316 350 
348 350 316 
314 350 352 
314 352 390 
312 314 390 
310 312 390 
352 354 390 
308 310 390 
354 356 390 
306 308 392 
358 360 388 
360 362 386 
386 362 384 
308 390 392 
356 358 390 
304 306 392 
362 364 384 
364 366 382 
366 368 380 
364 382 384 
368 370 378 
370 372 376 
372 374 376 
376 378 370 
378 380 368 
380 382 366 
386 388 360 
392 394 304 
298 396 296 
388 390 358 
302 304 394 
300 302 394 
396 298 300 
394 396 300 
296 396 398 
398 400 292 
398 294 296 
404 406 268 
270 404 268 
406 408 264 
268 406 266 
266 406 264 
408 410 262 
410 412 262 
1290 1292 1222 
1442 528 1206 
1308 1206 1208 
520 430 518 
518 430 432 
518 432 516 
516 432 514 
432 434 514 
434 436 512 
514 434 512 
438 440 510 
440 442 510 
510 436 438 
436 510 512 
442 444 508 
444 446 508 
446 448 508 
448 450 508 
450 452 508 
506 452 454 
454 456 506 
488 456 486 
456 458 486 
458 460 484 
486 458 484 
460 462 484 
462 464 482 
484 462 482 
464 466 478 
466 468 476 
468 470 474 
470 472 474 
474 476 468 
476 478 466 
478 480 464 
480 482 464 
488 490 506 
506 490 492 
452 506 508 
456 488 506 
510 442 508 
506 492 504 
492 494 504 
494 496 502 
504 494 502 
496 498 500 
500 502 496 
1288 1290 1224 
1282 1284 1224 
1284 1286 1224 
1306 1208 1210 
1286 1288 1224 
1278 1280 1224 
1280 1282 1224 
1274 1276 1254 
1276 1278 1226 
1270 1272 1258 
1272 1274 1256 
1256 1274 1254 
1266 1268 1262 
1268 1270 1260 
1262 1268 1260 
1262 1264 1266 
1258 1260 1270 
1256 1258 1272 
1250 1252 1226 
1252 1254 1276 
1226 1252 1276 
1246 1248 1226 
1248 1250 1226 
1242 1244 1230 
1244 1246 1228 
1230 1244 1228 
1238 1240 1234 
1240 1242 1232 
1234 1240 1232 
1234 1236 1238 
1230 1232 1242 
1226 1228 1246 
1224 1226 1278 
1304 1210 1212 
1300 1212 1214 
1216 1298 1214 
1222 1224 1290 
1296 1216 1218 
1220 1222 1292 
1218 1220 1294 
528 530 1206 
530 532 626 
532 534 624 
1206 530 1204 
534 536 622 
1204 530 902 
536 538 620 
1202 1204 1068 
902 530 626 
1202 1068 1200 
622 536 620 
538 540 618 
620 538 618 
616 540 542 
540 616 618 
616 542 614 
542 544 614 
1198 1200 1070 
544 546 612 
614 544 612 
1196 1198 1072 
534 622 624 
546 548 612 
1194 1196 1074 
548 550 610 
1192 1194 1076 
532 624 626 
550 552 608 
1190 1192 1078 
612 548 610 
554 556 608 
556 558 606 
550 608 610 
552 554 608 
1188 1190 1080 
558 560 584 
560 562 584 
1068 1204 902 
1186 1188 1082 
1200 1068 1070 
562 564 584 
564 566 582 
566 568 580 
582 566 580 
568 570 578 
570 572 576 
572 574 576 
576 578 570 
578 580 568 
582 584 564 
584 586 604 
586 588 600 
604 586 602 
588 590 598 
590 592 596 
588 598 600 
592 594 596 
596 598 590 
600 602 586 
604 606 558 
606 608 556 
604 558 584 
1184 1186 1084 
1182 1184 1086 
1198 1070 1072 
1176 1178 1090 
1178 1180 1088 
1180 1182 1086 
1184 1084 1086 
1172 1174 1090 
1174 1176 1090 
1170 1172 1092 
1194 1074 1076 
1192 1076 1078 
1168 1170 1094 
1180 1086 1088 
1166 1168 1094 
1084 1186 1082 
1178 1088 1090 
1080 1190 1078 
1188 1080 1082 
1156 1158 1096 
1158 1160 1094 
1152 1154 1096 
1154 1156 1096 
1148 1150 1124 
1150 1152 1096 
1124 1150 1096 
1144 1146 1128 
1146 1148 1126 
1128 1146 1126 
1140 1142 1132 
1142 1144 1130 
1132 1142 1130 
1136 1138 1134 
1138 1140 1134 
1132 1134 1140 
1128 1130 1144 
1124 1126 1148 
1120 1122 1098 
1122 1124 1096 
1116 1118 1100 
1118 1120 1098 
1112 1114 1104 
1114 1116 1102 
1104 1114 1102 
1108 1110 1106 
1110 1112 1106 
1104 1106 1112 
1100 1102 1116 
1096 1098 1122 
1098 1100 1118 
1094 1096 1158 
1160 1162 1094 
1162 1164 1094 
1090 1092 1172 
1092 1094 1170 
1094 1164 1166 
648 650 758 
650 652 758 
644 758 642 
652 654 758 
654 656 758 
648 758 646 
656 658 758 
658 660 758 
758 644 646 
660 662 758 
662 664 758 
684 686 716 
686 688 714 
716 686 714 
688 690 710 
690 692 708 
688 712 714 
692 694 706 
694 696 704 
696 698 702 
698 700 702 
702 704 696 
704 706 694 
706 708 692 
708 710 690 
710 712 688 
682 684 718 
718 684 716 
718 720 680 
678 754 676 
720 722 754 
722 724 752 
724 726 750 
726 728 748 
728 730 746 
730 732 744 
728 746 748 
732 734 742 
734 736 740 
736 738 740 
740 742 734 
742 744 732 
744 746 730 
748 750 726 
750 752 724 
752 754 722 
754 756 676 
720 678 680 
678 720 754 
680 682 718 
756 758 664 
674 676 756 
756 672 674 
758 760 642 
672 756 670 
670 756 668 
668 756 666 
666 756 664 
760 762 640 
762 764 636 
642 760 640 
764 766 634 
640 762 638 
766 768 632 
638 762 636 
768 770 630 
636 764 634 
772 774 776 
770 772 628 
634 766 632 
772 776 902 
776 778 902 
770 628 630 
632 768 630 
628 772 626 
778 780 900 
626 772 902 
1074 1196 1072 
780 782 898 
902 778 900 
782 784 896 
900 780 898 
784 786 894 
1066 1068 902 
786 788 892 
898 782 896 
1064 1066 908 
1066 902 904 
788 790 890 
1062 1064 910 
1066 904 908 
790 792 888 
1060 1062 912 
896 784 894 
794 796 884 
796 798 882 
792 794 886 
1058 1060 914 
796 882 884 
798 800 880 
800 802 880 
802 804 880 
804 806 880 
806 809 880 
1056 1058 916 
1064 908 910 
1054 1056 916 
798 880 882 
809 811 878 
880 809 878 
1052 1054 918 
1062 910 912 
1050 1052 920 
811 813 878 
813 815 878 
1044 1046 924 
1046 1048 922 
924 1046 922 
1042 1044 924 
817 820 848 
820 822 846 
817 848 850 
822 824 842 
824 826 840 
842 824 840 
826 828 838 
828 830 836 
836 830 834 
830 832 834 
836 838 828 
838 840 826 
842 844 822 
844 846 822 
846 848 820 
815 817 878 
850 852 878 
852 854 876 
874 854 856 
856 858 872 
874 856 872 
858 860 870 
860 862 868 
868 862 866 
862 864 866 
868 870 860 
870 872 858 
874 876 854 
876 878 852 
817 850 878 
1048 1050 922 
1040 1042 928 
1040 928 930 
1038 1040 930 
1036 1038 932 
794 884 886 
1034 1036 934 
1038 930 932 
934 1036 932 
1032 1034 934 
886 888 792 
888 890 790 
1030 1032 936 
1028 1030 938 
1032 934 936 
890 892 788 
892 894 786 
1016 1018 990 
1018 1020 988 
984 1020 982 
1012 1014 998 
1014 1016 994 
1012 998 1000 
1008 1010 1002 
1010 1012 1000 
1004 1006 1008 
1000 1002 1010 
1002 1004 1008 
996 998 1014 
992 994 1016 
994 996 1014 
988 990 1018 
990 992 1016 
986 988 1020 
1020 984 986 
1020 1022 982 
980 1022 944 
1022 980 982 
1022 1024 942 
980 944 978 
1024 1026 940 
1022 942 944 
1026 1028 940 
972 974 950 
974 976 948 
950 974 948 
976 978 946 
942 1024 940 
970 972 952 
966 968 956 
968 970 954 
962 964 960 
964 966 958 
958 960 964 
954 956 968 
956 958 966 
950 952 972 
952 954 970 
946 948 976 
944 946 978 
1060 912 914 
904 906 908 
940 1028 938 
1058 914 916 
938 1030 936 
1054 916 918 
1052 918 920 
928 1042 926 
924 926 1042 
240 239 241 
36 35 37 
246 245 247 
250 249 251 
252 251 253 
232 231 233 
80 79 81 
886 885 887 
896 895 897 
898 897 899 
86 85 87 
914 913 915 
910 909 911 
92 91 93 
920 919 921 
1374 1373 1375 
90 89 91 
96 95 97 
156 155 157 
960 959 961 
788 787 789 
1510 1509 1511 
70 69 71 
968 967 969 
1302 1301 1303 
1104 1103 1105 
480 479 481 
264 263 265 
994 993 995 
1004 1003 1005 
414 413 415 
1142 1141 1143 
908 907 909 
1144 1143 1145 
998 997 999 
1278 1276 1275 
1276 1274 1273 
1274 1272 1271 
1273 1275 1276 
1275 1277 1278 
1274 1271 1273 
1282 1280 1279 
1280 1278 1277 
1277 1279 1280 
1279 1281 1282 
1286 1284 1283 
1284 1282 1281 
1281 1283 1284 
1283 1285 1286 
1290 1288 1289 
1288 1286 1287 
1289 1288 1287 
1006 1005 1007 
918 917 919 
1012 1011 1013 
656 654 653 
654 652 651 
649 652 650 
650 648 647 
648 646 645 
658 656 655 
652 649 651 
648 645 647 
660 658 657 
647 649 650 
656 653 655 
664 662 661 
662 660 659 
654 651 653 
660 657 659 
668 666 665 
666 664 663 
658 655 657 
664 661 663 
672 670 669 
670 668 667 
662 659 661 
668 665 667 
676 674 673 
674 672 671 
666 663 665 
672 669 671 
680 678 677 
678 676 675 
670 667 669 
676 673 675 
684 682 681 
682 680 679 
674 671 673 
680 677 679 
688 686 687 
686 684 685 
687 686 685 
678 675 677 
682 679 681 
681 683 684 
364 363 365 
340 339 341 
1074 1073 1075 
1132 1131 1133 
1010 1009 1011 
